@v_choice
$Dim[107]
#
%0.0210453,0.00950404,0.0112147,0.015048,0.0168049,0.00565177,0.00784426,0.00171445,0.0135433,0.0018679,0.0101867,0.00364711,0.00493403,0.00847417,0.000476876,0.00338582,0.00907828,0.0298873,0.00182002,0.00455894,0.00416495,0.00864527,0.006494,0.00697619,0.00952591,0.0107869,0.00340007,0.0167685,0.0088634,0.0050033,0.00949471,0.0130896,0.00128658,0.00262282,0.00308794,0.00260917,0.0148368,0.0193803,0.00453032,0.0126088,0.0129898,0.00903935,0.0114203,0.00441386,0.0150074,0.00434664,0.0312045,0.0071193,0.00186639,0.0113841,0.00760693,0.0313818,0.0205977,0.00122519,0.0142824,0.0214584,0.0255636,0.00734752,0.00463544,0.0102789,0.00512926,0.0131179,0.00186151,0.0180695,0.0026621,0.0101549,0.0106618,0.00402496,0.00439254,0.00564307,0.00340821,0.0209682,0.0120181,0.0039713,0.0119846,0.00701593,0.00352004,0.00295657,0.00776348,0.00414206,0.0102585,0.00446687,0.0111851,0.0147229,0.00656846,0.00122596,0.000233263,0.00433567,0.0114069,0.000109896,0.00351961,0.0150071,0.00218311,0.00711186,0.0168469,0.00241824,0.00187366,0.00339078,0.000920347,0.00949638,0.033057,0.0125703,0.0099805,0.031129,0.00921733,0.0110459,0.0142197
@j_choice
$Dim[107,51]
#[v_choice,0]
%0.0324873,0.0493044,0.0051684,0.0428017,0.031369,0.00196825,0.00917291,0.00829438,0.037251,0.0516975,0.00486864,0.00460395,0.0293018,0.00947885,0.00496791,0,0.0527039,0.00911102,0.0151304,0.0560988,0.0243889,0.0171356,0.042702,0.0129015,0.0105994,0,0.0411859,0,0.0582724,0.0055772,0.0375595,0.0261472,0.0133824,0.02617,0.00600637,0,0.0169519,0.00657874,0.0115494,0.00662732,0.0444607,0,0,0.00322516,0.0155878,0.00307526,0.0122505,0.0537045,0,0,0.04818
#[v_choice,1]
%0.107558,0.0135668,0,0.0366238,0.0898556,0.0155742,0.00499954,0,0.0932993,0.0285609,0.0236751,0.00250567,0.00199583,0.0401606,0,0,0.00149699,0.0110855,0.0555664,0.0199949,0.0529183,0.0262541,0.0502295,0.00657955,0.0115775,0,0,0,0,0.000494969,0.00297922,0.0566201,0.00199165,0,0.0119992,0,0.0035704,0.000998511,0.0169922,0.0251468,0.00915506,0,0,0.0230974,0.0135517,0.00598428,0.0345669,0.0902991,0,0,0.00847438
#[v_choice,2]
%0.0544358,0.0230007,0.0105136,0.012326,0.0327754,0.0113573,0.0385185,0.00441182,0.0288912,0.0421013,0.01047,0.0304603,0.0167207,0.0130611,0.0189102,0,0.033507,0.029298,0.028945,0.0223852,0.0438589,0.00278753,0.025709,0.00552899,0.0224149,0,0.0119243,0,0.0598008,0.00627182,0.0230163,0.00978481,0.00834584,0.0457951,0.0053946,0,0.00697057,0.0160878,0.0102502,0.0175459,0.0223925,0,0,0.016738,0.0365395,0.015544,0.0377395,0.0059991,0,0,0.0814712
#[v_choice,3]
%0.0491152,0.00191972,0.0253711,0.000632537,0.00886554,0.0431343,0.0577146,0.000633895,0.0050572,0.00311274,0.0183318,0.077347,0.00126742,0.023423,0.0551297,0,0.0100693,0.0392269,0.0152111,0.00302913,0.0401101,0.00248982,0.00576466,0.00734654,0.0470407,0,0.00189616,0,0.00814074,0.0145776,0.00126452,0.00253522,0.00253556,0.028101,0.0114296,0,0.00190434,0.0545067,0.00778651,0.0567502,0.002534,0,0,0.0316729,0.048644,0.0590923,0.0837478,0.0018629,0,0,0.0396737
#[v_choice,4]
%0.0170403,0.00397281,0.026107,0.00340526,0.00737807,0.0442684,0.0556193,0.00113509,0.013621,0.00397277,0.0090807,0.0845632,0.00283772,0.0141886,0.0550282,0,0.00567515,0.0578896,0.0221339,0.00397278,0.0442736,0,0.00454034,0.00170263,0.0794561,0,0.00567544,0,0.0102155,0.0272421,0.00510789,0,0.000567544,0.0153237,0.03235,0,0.00283772,0.0618623,0.0119184,0.0533491,0.000567544,0,0,0.0266746,0.0408631,0.0471089,0.0561782,0.00397277,0,0,0.0363228
#[v_choice,5]
%0.0497159,0.0337335,0.00511138,0.03268,0.041267,0.00766318,0.0101762,0.00510979,0.031323,0.0431506,0.00421028,0.0201263,0.0187304,0.00673716,0.0303666,0,0.0431829,0.0236937,0.0150992,0.0475751,0.0304061,0.0152914,0.0352301,0.0136609,0.0155526,0,0.0116837,0,0.058149,0.0101846,0.0260627,0.0237374,0.0104612,0.030271,0.0109219,0,0.0166744,0.0160672,0.0126266,0.0178138,0.0296075,0,0,0.00934287,0.0220704,0.0150977,0.0235146,0.0313359,0,0,0.0445846
#[v_choice,6]
%0.0449453,0.0025275,0.0231874,0.00633301,0.0186038,0.0231014,0.0706428,0,0.0152449,0.0116147,0.0181933,0.0721488,1.04042e-14,0.0399149,0.0695926,0,0.0114279,0.0567455,0.0206572,0.00112914,0.038982,0,0.00117339,0.00317334,0.0559296,0,0,0,0.0116223,0.0060793,0.00243799,0.00369839,0.00242627,0.01827,0.0140785,0,0.00243172,0.0398385,0.0197141,0.063328,0.00238048,0,0,0.0205025,0.0374837,0.0340441,0.0523893,1.44659e-16,0,0,0.0640064
#[v_choice,7]
%0.063178,0.00560736,0,0.0594296,3.93945e-08,0.0118682,0.0122236,0.002607,0.0255617,0.053918,4.86953e-06,0.0101026,0.0233484,0.0132778,0.00503738,0,0.0534115,0.0231173,0.0198821,0.108147,0.0151311,0.0327568,0.0404325,0.0136723,0,0,0.00329471,0,0.0693074,7.60413e-05,0.0448301,0.0147256,0.04098,0.0312446,0.0034062,0,0.0096871,0,0.00712644,0.0145353,0.019576,0,0,0.00287856,0.0455768,5.32392e-06,1.37277e-09,0.100032,0,0,2.32595e-06
#[v_choice,8]
%0.0316901,0.00140845,0.0204225,0,0.00492958,0.0176056,0.043662,0,0.00352113,0.00211268,0.00352113,0.109155,0.000704225,0.00985915,0.0690141,0,0.00352113,0.0274648,0.00492958,0,0.0176056,0,0,0.000704225,0.164789,0,0.000704225,0,0.00352113,0.0915493,0,0,0.00140845,0.00140845,0.116197,0,0.00211268,0.0478873,0.0105634,0.0408451,0,0,0,0.0161972,0.0429577,0.0302817,0.0485915,0.00140845,0,0,0.00774648
#[v_choice,9]
%0.0676041,0.0530951,0.00708045,0.0381914,0.0490844,0,0.0287216,0.00302761,0.0537191,0.0528112,0.00783448,0.00157317,0.0106092,0.00516613,0.0252218,0,0.0342839,0.0111816,0.0279031,0.0324657,0.0288012,0.0193572,0.0305468,0.031266,0,0,0.0186678,0,0.0577825,0,0.0243231,0.0246972,0.0149379,0.0273635,0.00363178,0,0,0.00399942,0.0156177,0.00798579,0.0320122,0,0,0.00764718,0.0126779,0,0.0211433,0.0262995,0,0,0.0816675
#[v_choice,10]
%0.051908,0.0296132,0.0061632,0.036935,0.0371265,0.00773908,0.0184394,0.00249005,0.0400644,0.0464618,0.0078222,0.0167485,0.0266882,0.0105991,0.0118032,0,0.0519992,0.0127015,0.0189951,0.0429298,0.0208344,0.0121403,0.0325274,0.00928866,0.0124467,0,0.014953,0,0.0368051,0.00469486,0.0321722,0.0277058,0.0155705,0.0219892,0.00647603,0,0.030799,0.013491,0.0078222,0.0167583,0.038579,0,0,0.00925664,0.0299917,0.0124643,0.0191666,0.0414169,0,0,0.0554228
#[v_choice,11]
%0.0444993,0.0339693,0.00522998,0.0182971,0.0313345,0.00523498,0.0287661,0.00261511,0.0491654,0.0523167,0.0131,0.00784483,0.0287895,0.0157086,0.00261416,0,0.0616987,0.0235545,0.0351137,0.0445276,0.0575657,0.00784491,0.0156896,0.016945,0,0,0.0146417,0,0.0468069,0,0.0340516,0.0193249,0.00261499,0.0392267,0,0,0.00525718,0,0.0157045,0.0164703,0.0314036,0,0,0.00523022,0.0366134,0,0.0479721,0.0261362,0,0,0.0561206
#[v_choice,12]
%0.0444499,0.0463728,0.00386602,0.0251204,0.0328777,0.00386602,0.0309282,0.001933,0.0483189,0.0405932,0.013531,0.00193301,0.0143312,0.0173971,0.00193301,0,0.0463787,0.0212619,0.0193142,0.0347704,0.0367374,0.0173971,0.0328612,0.0193301,0,0,0.017397,0,0.0657169,0,0.0212483,0.01932,0.0173971,0.0618563,0,0,0.00385414,0,0.00966505,0.00193492,0.0328443,0,0,0.00386602,0.0463836,0,0.0270265,0.0290112,0,0,0.0869763
#[v_choice,13]
%0.0866678,0.0236209,0.0123704,0.00675467,0.0359927,0.0180127,0.0242441,0.00112653,0.0326446,0.0281353,0.0101398,0.0481095,0.00900789,0.0157627,0.0337752,0,0.0337526,0.0348811,0.0213881,0.00788113,0.0405234,0.00130698,0.0160099,0.0101313,0.0324771,0,0.00900647,0,0.0483727,0.0112548,0.0123848,0.00675655,0.00671128,0.0416557,0.00562741,0,0.00900386,0.0225006,0.0168806,0.0202507,0.00562741,0,0,0.00899219,0.0591345,0.0168784,0.0292791,0.00675635,0,0,0.0782102
#[v_choice,14]
%0.08,0,0,0.02,0,0.04,0.04,0,0,0.02,0,0.02,0,0,0.02,0,0,0.08,0.06,0,0,0,0,0,0.24,0,0,0,0,0.06,0,0,0,0,0.14,0,0,0.04,0,0.04,0,0,0,0.04,0,0.06,0,0,0,0,0
#[v_choice,15]
%0.0180159,0.00784514,0.0140645,0.00568312,0.0403825,0.000418521,0.0472002,0,0.0397241,0.0173773,3.87386e-05,0.0472333,1.40354e-08,0.0140845,0.0215558,0,0.0455911,0.0450705,0.0472108,0.0265949,0.0390526,0.00806887,0.0254733,0.0140358,0.0335736,0,0,0,0.0112676,0.00281691,0.00710423,0.027576,1.17947e-10,0.0254386,5.43037e-05,0,0.00558805,0.000282083,0.0225339,0.0689288,0.00563328,0,0,0.0159872,0.101294,0.0192217,0.0491801,0.0267512,0,0,0.0520471
#[v_choice,16]
%0.0614861,0.0285164,0.0143417,0.0126617,0.0296417,0.00950852,0.0413689,0.00234107,0.0255352,0.0538343,0.0138677,0.0157214,0.0186813,0.0167031,0.0196822,0,0.0375878,0.0241444,0.0246646,0.0199013,0.0493133,0.00876657,0.0321931,0.0188883,0.00905573,0,0.0165363,0,0.0461945,0,0.0384529,0.019479,0.00764586,0.0294944,0.00185796,0,0.00718479,0.00626638,0.0128322,0.0174722,0.0228747,0,0,0.00766217,0.0354982,0.00872894,0.034561,0.018489,0,0,0.080363
#[v_choice,17]
%0.050859,0.00760699,0.0160015,0.00973949,0.0295779,0.0119953,0.0436462,0.000819086,0.0287589,0.0248416,0.0151418,0.0297469,0.00373107,0.0351112,0.0412007,0,0.0240238,0.0410401,0.0312373,0.0089467,0.0678523,0.00145715,0.0120985,0.00999628,0.0219475,0,0.00929898,0,0.0367307,0.0120874,0.0119045,0.0143101,0.00857087,0.0290383,0.00637792,0,0.00272808,0.0164091,0.0242951,0.0266682,0.0113038,0,0,0.014953,0.0509261,0.0165906,0.0477242,0.00843334,0,0,0.0842724
#[v_choice,18]
%0.0204693,0.026487,0.0262933,0.00516907,0.00466625,0.0157863,0.0472807,0,0,0,0.0104349,0.0733694,0,0.0157497,0.0473519,0,0.00470337,0.0472151,0.0100171,0.00508117,0.0363821,0,0.00981781,0,0.199171,0,0.0049888,0,0.00993307,0.031442,0,0,0,0.00401044,0.0524038,0,0.00495177,0.0471757,0.0103404,0.0527376,0,0,0,0.0157551,0.0205858,0.0786225,0.0105124,0.00484702,0,0,0.0462484
#[v_choice,19]
%0.0481172,0.0271967,0.0041841,0.0313808,0.0313808,0,0.0230126,0.00209205,0.0481172,0.0606695,0.0083682,0.0083682,0.0083682,0.0104603,0.0167364,0,0.0585774,0.0271967,0.0104603,0.0292887,0.0376569,0.0230126,0.0669456,0.00209205,0.0041841,0,0.0251046,0,0.08159,0,0.0439331,0.0188285,0.0104603,0.0188285,0,0,0.00627615,0.0041841,0.0188285,0.00209205,0.0334728,0,0,0,0.041841,0.0041841,0.0188285,0.0271967,0,0,0.0564854
#[v_choice,20]
%0.0366055,0.0484144,0.00470141,0.0374197,0.0446701,0.0078508,0.015133,0.00618485,0.0341816,0.0266259,0.00794812,0.00709093,0.0203103,0.00976255,0.0188662,0,0.0433206,0.0097835,0.0134658,0.0458804,0.0245719,0.0242019,0.0496406,0.0134605,0.0166573,0,0.0475454,0,0.0432972,0.00624631,0.0205347,0.0264152,0.0120966,0.0292366,0.0101759,0,0.0154479,0.0174582,0.00662919,0.0142929,0.0428099,0,0,0.0111132,0.0160611,0.00923753,0.0223304,0.035437,0,0,0.0468868
#[v_choice,21]
%0.0559075,0.0317465,0.0149786,0.0201644,0.0245348,0.00542925,0.0141859,0.00330962,0.0264152,0.0309241,0.00463777,0.01577,0.00990495,0.0192349,0.0221357,0,0.0520702,0.0241376,0.019732,0.0345169,0.0512632,0.00634608,0.0341594,0.010512,0.022819,0,0.0194911,0,0.0600274,0.0059705,0.0326746,0.0161334,0.0114814,0.0318831,0.0139003,0,0.0122713,0.0236908,0.0190624,0.0106312,0.0211117,0,0,0.012953,0.0487146,0.0105663,0.0212284,0.0149693,0,0,0.0584035
#[v_choice,22]
%0.0311763,0.0490603,0.0115994,0.0629592,0.0208285,0.0118035,0.0153132,0.00293405,0.0260775,0.0546968,0.00745463,0.00898147,0.0212408,0.00966756,0.0138116,0,0.049357,0.00879943,0.0196589,0.0476905,0.0220543,0.0117494,0.02696,0.0106361,0.0322232,0,0.00781138,0,0.0435488,0.0021524,0.0327848,0.0330837,0.0117513,0.0178505,0.0143308,0,0.0402493,0.016909,0.00850118,0.0095338,0.0359285,0,0,0.0128342,0.0163462,0.013638,0.0362532,0.0366256,0,0,0.0331337
#[v_choice,23]
%0.0413802,0.0535967,0.00854762,0.0214251,0.0373585,0.00621367,0.0145356,0.00682722,0.0366763,0.0346566,0.00957008,0.0255448,0.00987971,0.00871089,0.0195898,0,0.0442734,0.02432,0.031128,0.0477747,0.0446874,0.020717,0.0192294,0.0146781,0.00408909,0,0.0322198,0,0.0530278,0,0.0357325,0.0141866,3.49864e-07,0.0487817,7.19475e-07,0,4.0926e-09,0.00322991,0.0180805,0.0111318,0.012793,0,0,0.00435047,0.0218304,0,0.0535713,0.0175725,0,0,0.0880807
#[v_choice,24]
%0.051845,0.0426375,0.00568469,0.0163803,0.0376441,0.00347835,0.0191263,0.0033109,0.0271467,0.0506272,0.0114393,0.0100691,0.0210113,0.0132531,0.00819668,0,0.0456097,0.0179438,0.0213812,0.0424217,0.0373366,0.0191655,0.0284429,0.0121887,0.00501604,0,0.028884,0,0.0578732,0,0.034292,0.0171425,0.0171404,0.0458193,0.00249223,0,0.00658188,0.00711124,0.00801465,0.00727504,0.0388922,0,0,0.00664542,0.0387154,0.00519454,0.0368344,0.0333742,0,0,0.0563609
#[v_choice,25]
%0.0433248,0.0450927,0.00265254,0.0415564,0.0389039,0.000884179,0.0132467,0.0167994,0.0318305,0.0566223,0.00884181,0.00530508,0.0282923,0.00972597,0.0167994,0,0.0450931,0.015031,0.0274038,0.0353672,0.034483,0.0265254,0.0291801,0.0123785,0.0044209,0,0.0335988,0,0.0486292,0.000884179,0.0433248,0.0221045,0.0106102,0.0309463,0.00176854,0,0.0229888,0.00265254,0.0141469,0.00618926,0.0309463,0,0,0.00176836,0.0185677,0.000884179,0.0203165,0.0229887,0,0,0.0769236
#[v_choice,26]
%0.0480316,0.0441669,0.0075739,0.0380522,0.0346143,0.00346353,0.0108546,0.00966082,0.0639195,0.05598,0.00611043,0.00701184,0.0178302,0.0143291,0.00188503,0,0.0501053,0.0101018,0.0144512,0.0362799,0.0265062,0.00617591,0.0314291,0.00810565,0.0038379,0.0011865,0.0477834,0,0.0759074,0.0117722,0.0226201,0.0286621,0.00899555,0.0337652,0.00034757,0,0.0139144,0.00318918,0.00534712,0.00132898,0.0280037,0,0,0.00539416,0.0336752,0.00801362,0.0279317,0.0533968,0,0,0.038288
#[v_choice,27]
%0.0322003,0.0124431,0.0204664,0.0194824,0.0133382,0.0291214,0.0495779,0.000568775,0.0174688,0.0201551,0.0156821,0.0604045,0.00678169,0.0220329,0.0347519,0,0.0164161,0.0367121,0.0286981,0.0135105,0.0365278,0.00624998,0.0130656,0.00850787,0.065232,0,0.00510571,0,0.0125891,0.00796285,0.01076,0.00730104,0.00534458,0.0161093,0.0187734,0,0.0123569,0.0446057,0.0102565,0.0473428,0.00927573,0,0,0.0171108,0.0359275,0.0366161,0.074066,0.0101593,0,0,0.0389413
#[v_choice,28]
%0.0782217,0.0387525,0.0129127,0.0227957,0.0344595,0.00645638,0.0236808,0.00753555,0.060264,0.042981,0.0107652,0.00646486,0.0222096,0.0190029,0.0112343,0,0.0344293,0.0236736,0.029077,0.0280103,0.0387502,0.0139903,0.019419,0.00970324,0.00323514,0,0.0107592,0,0.0495571,0,0.026936,0.0285807,0.00752948,0.0530605,0.00215211,0,0.0118446,0.00238091,0.0129315,0.00538167,0.0225981,0,0,0.00538292,0.0217016,0.00433484,0.0333944,0.0225991,0,0,0.0808502
#[v_choice,29]
%0.028574,0.0438824,0.00762513,0.0171711,0.0362364,0.0133402,0.0228071,0,0.0461363,0.0362079,0.00570088,0.0324065,0.0247721,0.0114243,0.0171569,0,0.0370071,0.0114249,0.031605,0.0533465,0.0304652,0.0152503,0.0228756,0.0124294,0.0171562,0,0.00648336,0,0.0402313,0,0.0228059,0.0183293,0.00190632,0.017156,0.00190617,0,0.00952327,0.0266961,0.0152398,0.0261172,0.0247814,0,0,0.00953121,0.0381347,0.0190625,0.0622849,0.0304948,0,0,0.0543144
#[v_choice,30]
%0.108306,0.0135416,0,0.0366694,0.0898633,0.0155502,0.00504064,0,0.0934478,0.0286681,0.0235136,0.00251441,0.00202024,0.0401607,0,0,0.00151507,0.0110028,0.054875,0.0201658,0.0525032,0.0259546,0.0501721,0.0064726,0.0115149,0,0,0,0,0.000509054,0.00304491,0.0568338,0.00202443,0,0.0120972,0,0.00345766,0.00100953,0.0171444,0.0250539,0.00891711,0,0,0.0230873,0.0135567,0.00606395,0.0347103,0.0904239,0,0,0.00859395
#[v_choice,31]
%0.0335717,0.041065,0.00345938,0.0259788,0.0683062,0.00494757,0.0194002,1.60823e-05,0.0576936,0.0447533,0.00761472,0.00892897,0.0294796,0.00893113,0.00453795,0,0.0653556,0.00892896,0.0207813,0.0405041,0.0345975,0.0174629,0.0155981,0.0017784,0.00392319,0,0.0313081,0,0.0513828,0,0.0490404,0.0199576,0.0108763,0.0498519,0.00076758,0,0.0241861,0.00400456,0.00663751,0.00931387,0.0288713,0,0,0.00293688,0.0270617,0.00245504,0.0194538,0.0211304,0,0,0.07315
#[v_choice,32]
%0.0558519,0.051915,0,0.0518916,0.0296524,0.00741309,0,0.0148262,0,0.0593047,0.00741309,0.00741309,0.0222393,0.0145052,0.0148262,0,0.0296489,0.0148262,0.0458575,0.0444785,0.0377223,0.0148262,0.0148262,0.0148262,0.0148262,0,0.0370654,0,0.0444785,0,0.0741509,0.02225,0.0078043,0.0148262,0,0,0.0297295,0.00741309,0,0.0370654,0.0444785,0,0,0,0.0370654,0,0.016199,0.0296515,0,0,0.0287322
#[v_choice,33]
%0.0472727,0.0472727,0,0.0109091,0.0218182,0,0.0181818,0,0.04,0.0836364,0.0181818,0,0.0290909,0.00363636,0.00363636,0,0.0581818,0.0109091,0.0290909,0.0254545,0.0290909,0.0290909,0.0472727,0.0181818,0,0,0.00363636,0,0.0581818,0,0.0327273,0.0363636,0.0181818,0.0436364,0,0,0.00363636,0,0.0145455,0,0.0254545,0,0,0,0.0290909,0,0.0109091,0.0218182,0,0,0.130909
#[v_choice,34]
%0.0771592,0.0190733,0.00617727,0.0185511,0.0522267,0.0154432,0.00926533,0,0.0647691,0.0247989,0.0185818,0.0123542,0.00323174,0.00632858,0.0277978,0,0.0461518,0.0370984,0.0249846,0.0106722,0.0471682,0.00618648,0.0212049,0.0275407,0.0092689,0,0.00309955,0,0.0625267,0.0030902,0.0196395,0.0155224,4.91856e-12,0.0434619,0,0,0,0.00721121,0.0317501,0.0274706,0.00925921,0,0,0.00926593,0.037643,0.0247093,0.0268285,0.00610008,0,0,0.0863875
#[v_choice,35]
%0.0465772,0.0491079,0.0073101,0.0365551,0.0292036,0.00365496,0.0365538,0.0109662,0.0401703,0.0598284,0.0313032,0.0116776,0.0109647,0.0109243,0.0292775,0,0.0402094,0.0255867,0.0255496,0.0621279,0.0402086,0.0109652,0.0292422,0.0073098,0.0036554,0,0.0243706,0,0.040212,0,0.0292019,0.00413164,0.0219326,0.0182753,0,0,0.00731087,0.00731094,0.0109658,0.0073096,0.0292264,0,0,0,0.0219314,0.00731031,0.032899,0.0292437,0,0,0.0494382
#[v_choice,36]
%0.0554681,0.0243447,0.0147896,0.0189041,0.0329442,0.0110783,0.0323455,0.00478892,0.0276833,0.0343362,0.0127174,0.0213428,0.0133976,0.0148159,0.0279764,0,0.0385461,0.0178603,0.0236683,0.0199452,0.0545307,0.00983549,0.0212512,0.0180896,0.0220783,0,0.0116696,0,0.0363828,0.00902007,0.018005,0.0188516,0.0119913,0.0316873,0.00794321,0,0.0102314,0.0149553,0.0203098,0.0229896,0.015986,0,0,0.00925935,0.0449447,0.014387,0.0477155,0.0131405,0,0,0.0677914
#[v_choice,37]
%0.0477362,0.0482283,0.00246063,0.0142717,0.0669291,0.000984252,0.00738189,0.00246063,0.0521654,0.0684055,0.0137795,0.000984252,0.019685,0.0103346,0.0019685,0,0.0733268,0.00688976,0.0182087,0.0314961,0.038878,0.0103346,0.0423228,0.0187008,0.000492126,0,0.0187008,0,0.0713583,0,0.0334646,0.0354331,0.0260827,0.0393701,0.00147638,0,0.00541339,0.000984252,0.0123031,0.00295276,0.0369094,0,0,0.000984252,0.0211614,0,0.00688976,0.0123031,0,0,0.0757874
#[v_choice,38]
%0.0210526,0.00210526,0.0231579,0.00210526,0.0105263,0.0421053,0.0315789,0,0.00842105,0.00210526,0.00842105,0.0589474,0,0.0147368,0.0526316,0,0.00631579,0.0526316,0.0105263,0.00210526,0.0357895,0,0.00421053,0,0.105263,0,0.00210526,0,0,0.0336842,0,0.00210526,0.00631579,0.0105263,0.08,0,0.00210526,0.0631579,0.0126316,0.0421053,0,0,0,0.0273684,0.0505263,0.08,0.0652632,0.00210526,0,0,0.0252632
#[v_choice,39]
%0.0376596,0.0358658,0.00940173,0.0188872,0.0366287,0.00694411,0.0319493,0.0029751,0.0317762,0.049772,0.0144738,0.0217934,0.0162994,0.0210891,0.0180026,0,0.0464982,0.0300253,0.0234458,0.0246749,0.0370521,0.00799148,0.0407602,0.00822396,0.0157639,0,0.00806385,0,0.0599228,0.00184626,0.0256385,0.0148789,0.00937786,0.0455007,0.00698052,0,0.00963012,0.0125782,0.0104205,0.0201535,0.0149906,0,0,0.00867491,0.0291704,0.0095588,0.0260324,0.0142295,0,0,0.0843982
#[v_choice,40]
%0.02569,0.00293725,0.0151281,0.00807702,0.00740066,0.0447885,0.0418621,0.000734232,0.00954498,0.00660833,0.00660807,0.0832916,0.00146867,0.0220296,0.0496651,0,0.00728264,0.0273968,0.0176235,0.000702815,0.03084,1.01372e-29,0.00222299,0.00146846,0.0917152,0,0,0,0.00811013,0.0345091,0.00073739,0.00293809,0.0022018,0.0110111,0.0484801,0,0.00440538,0.0756264,0.00660808,0.0646113,0.00146846,0,0,0.0176202,0.0550668,0.052864,0.0763667,0.00367135,0,0,0.0286172
#[v_choice,41]
%0.0608104,0.029222,0.0153009,0.013068,0.0296404,0.0109073,0.0422285,0.00256796,0.0242853,0.0522745,0.0124504,0.0141704,0.0183096,0.016132,0.0190946,0,0.0373597,0.0245005,0.0246784,0.0235323,0.0477306,0.00813806,0.0309136,0.0182333,0.00839613,0,0.0175002,0,0.0473448,0,0.039227,0.0177338,0.0104062,0.0299705,0.00235449,0,0.00756138,0.00640987,0.0137019,0.0168145,0.0205161,0,0,0.00819629,0.0370742,0.0103034,0.0301752,0.0174008,0,0,0.0833645
#[v_choice,42]
%0.0686704,0.0403064,0.00836613,0.025088,0.0418044,0.00394574,0.0252167,0.00538196,0.0400686,0.0463435,0.0136674,0.014653,0.0198945,0.0161099,0.0103787,0,0.0438883,0.0191595,0.0236501,0.0311051,0.0319866,0.0244762,0.0242656,0.013839,0.00341983,0,0.0188968,0,0.0420552,0.000832098,0.0308558,0.0282725,0.0140332,0.040564,0.00041642,0,0.0101995,0.00283088,0.0095397,0.0074579,0.0176969,0,0,0.00753092,0.0461038,0.00179069,0.0369246,0.0171485,0,0,0.0711649
#[v_choice,43]
%0.0345969,0.0562639,0.0089087,0.0410898,0.0216172,0.00681995,0.0258632,0.0108327,0.0236943,0.0496992,0.00432403,0.0108031,0.0237697,0.0108171,0.00647815,0,0.0410608,0.0284913,0.0129624,0.0626657,0.0109213,0.017287,0.0367353,0.00864313,0.0151307,0,0.0562599,0,0.0367226,1.25586e-31,0.0626921,0.0259306,0,0.034581,0.00432107,0,0.0172866,0.00663693,0.00432173,0.0151249,0.0324306,0,0,0.00864384,0.012965,0.0021611,0.0175102,0.0518595,0,0,0.0410768
#[v_choice,44]
%0.0526362,0.0222239,0.0165685,0.0157032,0.0359738,0.00905514,0.0306419,0.00380844,0.0276859,0.0293869,0.0113962,0.0189934,0.0129843,0.0130739,0.0317992,0,0.0315643,0.0450001,0.0351665,0.0211069,0.0524969,0.00919238,0.0184418,0.0147335,0.0208229,0,0.0107809,0,0.0333195,0.00913894,0.0154334,0.0163003,0.00949294,0.0323589,0.00627544,0,0.0110837,0.0155527,0.0175638,0.0201363,0.0147808,0,0,0.0153375,0.0458993,0.0128735,0.0502785,0.0136618,0,0,0.0692756
#[v_choice,45]
%0.0339475,0.0550984,0.00443087,0.0103635,0.0342044,0.00468665,0.0131231,0.0111421,0.0511144,0.0800751,0.00709369,0,0.035203,0.00221864,0.00854755,0,0.0746256,0.0219327,0.0215893,0.0241271,0.0380478,0.00663927,0.0507749,0.019785,1.72228e-30,0,0.0199193,0,0.0429163,0,0.0348872,0.0155851,0.0218639,0.0485938,0,0,0.013325,0,0.0110325,0.00211012,0.0395023,0,0,0.00217996,0.0271436,0,0.00451909,0.0300182,0,0,0.0776333
#[v_choice,46]
%0.0329494,0.0531713,0.00351791,0.0388227,0.0430421,0.00186703,0.0118163,0.0108181,0.0397623,0.0531432,0.00722493,0.00702391,0.0264895,0.00984892,0.006812,0,0.0504247,0.0157191,0.0184079,0.0500616,0.0298256,0.0211838,0.0487644,0.0120914,0.00153092,0,0.0420929,0,0.0544709,0,0.0478427,0.0300166,0.0107942,0.0280494,0.000735275,0,0.0127978,0.00221519,0.00824547,0.00484447,0.0331616,0,0,0.00311819,0.0194862,0.00060233,0.0143264,0.0354805,0,0,0.0574009
#[v_choice,47]
%0.0222568,0.0588328,0.00403608,0.0419544,0.0468897,0.00140714,0.00675389,0.00874989,0.03403,0.0429224,0.00401731,0.00828281,0.02787,0.00883891,0.0096075,0,0.0483029,0.0143451,0.0145477,0.0649364,0.047211,0.0254931,0.0532253,0.00987224,0.00546955,0,0.0366831,0,0.0568177,0.0133787,0.0400663,0.0299625,0.00905516,0.0193563,0.0031988,0,0.012401,0.00403157,0.00899962,0.00185722,0.0247623,0,0,0.00462896,0.0174983,0.00814388,0.00703397,0.0495854,0,0,0.0426863
#[v_choice,48]
%0.0653795,0.0537722,0.00788241,0.0373634,0.0464305,0,0.0320604,0.00208008,0.050799,0.0567449,0.00767715,0.00179968,0.00982272,0.00592648,0.0246466,0,0.0351911,0.0109308,0.028338,0.0343042,0.0270742,0.0163981,0.0309286,0.0320235,0,0,0.0170881,0,0.0619578,0,0.0267322,0.0210605,0.0157338,0.0286911,0.00362675,0,0,0.00230506,0.0139362,0.00690411,0.0294988,0,0,0.00837938,0.0137365,0,0.01927,0.0247805,0,0,0.0887257
#[v_choice,49]
%0.0701846,0.0399935,0.0083631,0.024262,0.0401662,0.00441963,0.0249706,0.00549222,0.0402319,0.0465169,0.0139362,0.0146231,0.021094,0.0165127,0.00969532,0,0.044778,0.019318,0.023191,0.0316304,0.0324216,0.0248757,0.0250869,0.0137641,0.00327163,0,0.0195816,0,0.0399141,0.00084084,0.0302048,0.0286074,0.0135693,0.039735,0.000420124,0,0.00987503,0.00302466,0.00969918,0.00759863,0.0174341,0,0,0.00836317,0.0467523,0.00155479,0.0366837,0.0171464,0,0,0.0701955
#[v_choice,50]
%0.046666,0.0504183,0.00641516,0.0301055,0.0213191,0.00376273,0.0100295,0.0062822,0.0263521,0.0559462,0.00917666,0.00376296,0.0192156,0.00891131,0.0206454,0,0.0529462,0.0125401,0.0168934,0.052659,0.0252478,0.0163084,0.0288477,0.0101711,0.0102494,0,0.0413913,0,0.0610244,0.00250759,0.0646139,0.0211983,0.0121076,0.0419037,0.00125377,0,0.0087644,0.00522632,0.00642046,0.00998916,0.0444019,0,0,0.00250808,0.0224785,0.00994135,0.0224015,0.021338,0,0,0.0556579
#[v_choice,51]
%0.0717308,0.0182352,0.0145881,0.0100293,0.0358624,0.0161077,0.0331272,0.00121568,0.0410291,0.0303919,0.0161069,0.0306958,0.0117559,0.0209704,0.0273527,0,0.0374657,0.0352546,0.0226854,0.0164116,0.0547055,0.00364703,0.0142842,0.00972542,0.0194508,0,0.00638231,0,0.0337366,0.00729406,0.00850974,0.0127646,0.00638259,0.0385978,0.00972542,0,0.00881398,0.0206665,0.0136764,0.0218408,0.0142842,0,0,0.0106372,0.0522764,0.0139393,0.0480157,0.00881365,0,0,0.0708132
#[v_choice,52]
%0.0597167,0.00794473,0.0235386,0.00704699,0.018498,0.0267984,0.0561526,0.000463963,0.0291977,0.0149889,0.0139711,0.0566753,0.000970496,0.0321752,0.056995,0,0.0143065,0.0405813,0.0272047,0.00303965,0.0520525,0.000462787,0.0112469,0.00520176,0.0262949,0.000463039,0.0028936,0,0.0153425,0.00959269,0.00342309,0.00761911,0.00424797,0.0276609,0.00601951,0,0.00722411,0.0348148,0.0120571,0.0462384,0.00472769,0,0,0.0122398,0.0523545,0.0177202,0.0846216,0.00664021,0,0,0.0585746
#[v_choice,53]
%0.0865503,0.0431063,2.65181e-05,0.0543493,0.029923,0.037535,0.00478363,0,0.0304416,0.0571036,0.0226151,0.0127223,0.00787024,0,0.00128354,0,0.0346426,0,0.0434089,0.102918,0.0121449,0.0472316,0.0495534,0.0188205,0.000309191,0,0,0,0,0,0.0670826,0.00080923,0.0267678,0.0114335,0.0192189,0,6.36107e-05,0.0226018,1.81038e-06,0.00597042,0.0116697,0,0,0.00509021,0.000156992,0.00848778,0.025636,0.0452935,0,0,0.0523764
#[v_choice,54]
%0.0318915,0.048784,0.00280417,0.0648248,0.0279206,0.00327896,0.0101386,0.00241289,0.0449265,0.0583328,0.00856867,0.00677017,0.0258511,0.00614446,0.0101147,0,0.049145,0.0144217,0.0162928,0.0411713,0.0303624,0.0164367,0.042265,0.0115745,0.00478106,0,0.0114383,0,0.0450324,0.00365292,0.036191,0.0265991,0.0144121,0.0317002,0.001703,0,0.0263006,0.00718142,0.0085174,0.0084068,0.0404267,0,0,0.00412201,0.0320758,0.00296258,0.0195538,0.0455526,0,0,0.0549568
#[v_choice,55]
%0.0415776,0.0316259,0.00696096,0.0351512,0.0504084,0.00268473,0.0212744,0.001043,0.0461122,0.065205,0.00501896,0.0167588,0.0200955,0.0184004,0.0142611,0,0.0830882,0.022761,0.0205576,0.027185,0.0315096,0.00951238,0.038216,0.00593389,0.00494164,0,0.00506751,0,0.0428317,0,0.031507,0.0188155,0.00903479,0.0297956,0.00135225,0,0.011396,0.00547259,0.00705796,0.010273,0.029915,0,0,0.00395997,0.0376895,0.00365772,0.025098,0.0322201,0,0,0.0745725
#[v_choice,56]
%0.0434486,0.0362554,0.0158703,0.00887941,0.0333417,0.0105121,0.0295109,0.00214898,0.0361717,0.0411931,0.0124418,0.0199346,0.0184305,0.0146273,0.0192403,0,0.0524585,0.0212405,0.0228771,0.0249948,0.0439888,0.00588942,0.0250056,0.0183533,0.0111457,0,0.0101281,0,0.0693424,0.000746184,0.0165597,0.0159662,0.00602305,0.0526191,0.00410022,0,0.00713197,0.0129439,0.0109045,0.0159167,0.0135143,0,0,0.010487,0.0385693,0.0124817,0.0443986,0.0105203,0,0,0.0796864
#[v_choice,57]
%0.0270962,0.0461153,0.011101,0.0391694,0.0246942,0.00747342,0.016445,0.0055065,0.0337783,0.0472348,0.00707918,0.0292985,0.0264273,0.0100698,0.0156008,0,0.045656,0.0122695,0.0129043,0.0726507,0.0260551,0.0185655,0.0445431,0.0175691,0.00767609,0,0.0400095,0,0.0627413,0,0.0299744,0.0158275,0.0145207,0.0323374,0.00260935,0,0.0173168,0.00407611,0.00726038,0.0160304,0.0241816,0,0,0.0077848,0.0190951,0.00724206,0.0265932,0.034778,0,0,0.0326423
#[v_choice,58]
%0.0308121,0.0576107,0.0123451,0.0452655,0.0329204,0.00617257,0.00617257,0.0123451,0.0329204,0.0329205,0.00205752,0.0144057,0.0246903,0.0123451,0.0124306,0,0.0514392,0.0144023,0.0144037,0.0514382,0.0370166,0.0185177,0.0370355,0.0082301,0.0082301,0,0.0329204,0,0.0493816,0.00205765,0.0411505,0.0164602,0.0144027,0.0102876,0.00205752,0,0.0308629,0.0144027,0.0082301,0.0082301,0.0411505,0,0,0.00823001,0.0185177,0.0123351,0.0103188,0.0432081,0,0,0.0596682
#[v_choice,59]
%0.0566194,0.0289076,0.00815116,0.0130987,0.0355094,0.0120297,0.0333577,0,0.038245,0.0376126,0.0152164,0.0249254,0.0109967,0.0208352,0.0216297,0,0.0384996,0.0215636,0.0299727,0.0146223,0.0445019,0.00825585,0.0229203,0.0112511,0.0198006,0,0.00563784,0,0.0502999,0.00225299,0.0233636,0.015593,0.013793,0.0323021,0.00570637,0,0.0153107,0.0129349,0.0209648,0.0204227,0.0153194,0,0,0.0049639,0.031314,0.0137796,0.0331352,0.010144,0,0,0.10424
#[v_choice,60]
%0.0600729,0.0334449,0,0.0312673,0.031566,0.00743767,0.0204408,0.00557286,0.0297428,0.046485,0.013008,0.0204391,0.0304207,0.0173676,0.0159163,0,0.0371964,0.0223126,0.0166943,0.0427102,0.0390272,0.0167321,0.0278117,0.0148431,0.0074257,0.00185943,0.0148778,0,0.0612604,0,0.0352695,0.0380057,0.00558335,0.0273149,0,0,0.0111429,0.0126207,0.00926466,0.0167325,0.0353277,0,0,0.00557376,0.0204586,0.00366597,0.0296876,0.0148721,0,0,0.0685469
#[v_choice,61]
%0.0486699,0.00301762,0.0220713,0.00372409,0.00519668,0.0411566,0.0516521,0,0.0199196,0.0140131,0.0218433,0.0811435,0.000764357,0.0240377,0.0433283,0,0.00859016,0.0435549,0.0298374,0.00452193,0.0483237,0.000729062,0.00460666,0.00326097,0.0371571,0,0.000728347,0,0.0159828,0.00363656,0.00075207,0.00541394,0.00145819,0.0214725,0.00944794,0,0.000738845,0.0375798,0.0174902,0.0514068,0.00654961,0,0,0.0335115,0.0591323,0.036,0.0847886,0.000882383,0,0,0.0519075
#[v_choice,62]
%0.035276,0.0489704,0,0.0749973,0.0122191,0.00205731,0.0129604,0,0.0415235,0.0631445,0.00718309,0.0173667,0.0358067,0.0213234,0.00237202,0,0.043715,0.0136684,0.0102013,0.0561757,0.0223226,0.0172255,0.038506,0.00893468,0.00737624,0,0.0148693,0,0.0546586,0.00889904,0.0357002,0.0346435,0.00229478,0.0331873,0.00777559,0,0.019051,0.0026259,0.00533518,0.00227962,0.0526243,0,0,0.00500004,0.0218066,0.00531061,0.0129848,0.0345191,0,0,0.0531088
#[v_choice,63]
%0.0754147,0.0128763,0.0130606,0.00965213,0.0236819,0.0150551,0.0426317,0,0.0320552,0.031136,0.0142477,0.0338663,0.00440624,0.0284808,0.0334451,0,0.0330965,0.0401128,0.024878,0.012559,0.0610405,0.00316809,0.0181252,0.00979066,0.0263259,0,0.00263338,0,0.0309654,0.00950015,0.0105381,0.0130143,0.00834975,0.0330898,0.0110875,0,0.0021114,0.0115506,0.017211,0.0286782,0.00737918,0,0,0.0163596,0.0519647,0.0129772,0.0513176,0.00788643,0,0,0.0742793
#[v_choice,64]
%0.0609061,0.0286617,0.0143309,0.0107481,0.0537407,0.00358271,0.0322594,0.00358271,0.0429926,0.050158,0.00716543,0.00358271,0.0214963,0.0143309,0.0143309,0,0.0286617,0.0286617,0.0214963,0.0358271,0.0505626,0.0214963,0.0214963,0.0107481,0,0,0.0214963,0,0.0644888,0,0.0322444,0.025079,0.0107481,0.025079,0,0,0.00358271,0.00716543,0.00358271,0.00716543,0.0358271,0,0,0.0107481,0.0429959,0,0.0286617,0.0322444,0,0,0.0680716
#[v_choice,65]
%0.0512269,0.0293242,0.00578374,0.0361255,0.0380351,0.00732469,0.0192149,0.0028118,0.0408188,0.0466512,0.00784796,0.0174334,0.0259215,0.0105914,0.0119006,0,0.0509879,0.0130682,0.0186085,0.0450549,0.0205309,0.0127961,0.0331142,0.0091392,0.0120175,0,0.015619,0,0.0378276,0.0046825,0.0320171,0.0282457,0.015069,0.0220562,0.00669072,0,0.0286134,0.0116988,0.00823283,0.0170262,0.0380279,0,0,0.00864592,0.0292827,0.0131102,0.0188526,0.0425181,0,0,0.0554545
#[v_choice,66]
%0.0611648,0.0376813,0.00717151,0.0427119,0.0479027,0.00518827,0.0204261,0,0.0467735,0.0479183,0.00932862,0.00876571,0.0206449,0.0190205,0.00617278,0,0.0475695,0.0182973,0.0237464,0.0360001,0.0230598,0.0116459,0.0367022,0.018823,0.0020677,0,0.0116501,0,0.0428115,0,0.0260155,0.0341393,0.0112744,0.0408607,0,0,0.0163476,0.00409344,0.0107054,0.00605796,0.0247717,0,0,0.00260888,0.0275823,0.000554092,0.0427401,0.0341181,0,0,0.0648862
#[v_choice,67]
%0.059851,0.0392538,0.014218,0.00473845,0.0355695,0.00710906,0.023696,0,0.0497867,0.0583698,0.0152517,0.0208652,0.0274453,0.0142447,0.0118257,0,0.0331743,0.0284358,0.0260903,0.0260744,0.0355443,0.0236966,0.0331749,0.0189574,0.00236959,0,0.00789781,0,0.0781948,0,0.0308314,0.0162784,0.00710861,0.0308058,0.00236959,0,0.00473913,0.00236949,0.0165874,0.0189575,0.0189676,0,0,0.011848,0.0284357,0.00947868,0.0189564,0.00947801,0,0,0.0769532
#[v_choice,68]
%0.0602159,0.0256146,0.00813776,0.0484822,0.0166631,0.00315932,0.0246834,1.35741e-05,0.0438021,0.0730655,0,0.00285598,0.0364203,0.0100498,0.0188276,0,0.0273939,0.00914378,0.0374149,0.0435462,0.0354216,0.00618091,0.0411129,0.00925793,1.96524e-05,0,0.0161392,0,0.0656015,0,0.0496438,0.0143811,0.0151985,0.0462895,0.00217016,0,0.0238843,0.00355549,0.00819682,0.0170614,0.0187656,0,0,0.0126323,0.0261256,0.0021713,0.0386827,0.0090036,0,0,0.0490142
#[v_choice,69]
%0.0499251,0.0338197,0.00502152,0.0331847,0.0414858,0.00753617,0.0100897,0.00502311,0.0311635,0.0429795,0.00423388,0.0204058,0.0184235,0.0067735,0.0304313,0,0.0429472,0.0235934,0.0152991,0.0469997,0.0308137,0.0151074,0.0357069,0.0133601,0.0148457,0,0.0119601,0,0.0583803,0.0100813,0.0262912,0.0235496,0.00980423,0.030527,0.011033,0,0.0171025,0.0160205,0.0127059,0.0176515,0.0295014,0,0,0.00923416,0.021839,0.0153014,0.0237728,0.0311506,0,0,0.0449235
#[v_choice,70]
%0.0351725,0.0168709,0.0118697,0.0299614,0.0404872,0.00862133,0.0367408,0,0.0225181,0.0605844,0.0133045,0.019937,0.00845368,0.0239517,0.0282953,0,0.0638271,0.0125299,0.0247088,0.0290413,0.0458688,0.0118749,0.0168134,0.00408084,0.0113175,0,0.00370401,0,0.0456012,0.0128386,0.0228068,0.0233665,0.0122486,0.0381682,0.0123134,0,0.0191994,0.00706151,0.0188291,0.0205807,0.0247992,0,0,0.00362153,0.0507266,0.0104785,0.0411428,0.0152048,0,0,0.0404772
#[v_choice,71]
%0.032894,0.0492256,0.00527612,0.0425531,0.0317439,0.00210278,0.00898726,0.0080594,0.0376586,0.0518171,0.00467606,0.0049316,0.0288121,0.0100464,0.00506723,0,0.053091,0.0104137,0.0152926,0.0551614,0.0241922,0.0169149,0.0426406,0.0125211,0.0111884,0,0.0409871,0,0.0593738,0.00577585,0.03738,0.0269824,0.0120428,0.0251379,0.00625448,0,0.0171,0.00658533,0.0111481,0.0069714,0.0440824,0,0,0.00319015,0.0157456,0.0032812,0.0122469,0.0525826,0,0,0.0478647
#[v_choice,72]
%0.0587402,0.0500022,0.0127045,0.0214258,0.0436795,0.00238181,0.0146432,0.00555694,0.0420333,0.0468098,0.0127022,0.0121099,0.0134882,0.023043,0.0150553,0,0.0499882,0.0179271,0.0293573,0.0341269,0.0333225,0.0109737,0.037127,0.0246728,0.00487809,0,0.0150635,0,0.0563617,0.000793595,0.0333253,0.0158598,0.00873923,0.0325396,0.000793617,0,0.0111104,0.011914,0.0134906,0.0158775,0.0119039,0,0,0.00397477,0.0249669,0.00714648,0.0293373,0.0222031,0,0,0.067849
#[v_choice,73]
%0.049175,0.0361434,0.00774791,0.0447241,0.0503568,0.00513838,0.0168877,0,0.0164312,0.0509604,0.0104664,0.0111967,0.0256976,0.0154262,0.00193373,0,0.0353699,0.00733354,0.0170242,0.142265,0.0339492,0.0488464,0.0362605,0.0100616,0.000455256,0,0.00966749,0,0.0391146,0.000390607,0.0205651,0.0170367,0.00811315,0.044526,0,0,0.00646228,0.00638243,0.00769924,0.000939553,0.0325115,0,0,0.00394321,0.0155212,0.00114233,0.0206582,0.0336288,0,0,0.0578469
#[v_choice,74]
%0.0524644,0.00687682,0.0248711,0.00902923,0.0161189,0.0327955,0.0321308,0.00236989,0.0165686,0.00603164,0.00521207,0.0626671,0.00838897,0.0260572,0.0435885,0,0.0066085,0.0523215,0.0194809,0.00430614,0.0513441,2.6622e-05,0.00763401,0.0147698,0.0546055,0.00159163,0.00161699,0,0.00834077,0.0135289,0.00691999,0.00446425,0.0104038,0.0187668,0.0349734,0,0.00302908,0.0537209,0.0285623,0.039168,0.00666592,0,0,0.0302166,0.0492291,0.0394969,0.0623133,0,0,0,0.0307239
#[v_choice,75]
%0.0457184,0.0557747,0.00544212,0.0408026,0.0299071,0,0.0190317,0.00135941,0.0299201,0.0666236,0.0136496,0.00685032,0.0380636,0.0163789,0.00407835,0,0.0666275,0.02311,0.0197453,0.0353447,0.0433912,0.0203925,0.0462402,0.014974,0,0,0.0203912,0,0.0448742,0,0.0271845,0.0244804,0.0162576,0.0381282,0.00135942,0,0.00952422,0,0.00680151,0.0108778,0.0312665,0,0,0.00543764,0.0163273,0.00271984,0.0120046,0.0176858,0,0,0.0712535
#[v_choice,76]
%0.0673949,0.0385713,0.0115605,0.0304425,0.0460614,0.00347238,0.0137189,0.0110835,0.0131862,0.0102303,0.0103243,0.0120731,0.0286908,0.00654435,0.0226288,0,0.0399098,0.0159875,0.0279239,0.0489466,0.0193263,0.0238173,0.0331304,0.0083929,0.0274644,0.000273766,0.0244673,0,0.0307137,0.00382764,0.0512124,0.0116573,0.0143791,0.03082,0.00102358,0,0.0204802,0.0185784,0.000214345,0.0326297,0.0337773,0,0,0.00439315,0.019595,0.00559924,0.00563844,0.0133844,0,0,0.106453
#[v_choice,77]
%0.0290329,0.0161294,0.00322588,0.0129035,0.0387105,0.0129035,0.0193463,0,0.0193553,0.0129035,0.00967763,0.025807,0.00322588,0.0161294,0.025807,0,0.0709695,0.0451623,0.0354847,0.0225808,0.0645176,0,0.0290329,0,0.0322588,0,0.00322588,0,0.0387105,0.00967763,0.0290329,0.00322588,0.00322588,0.0483882,0.00967763,0,0.00967763,0.0161294,0.00645176,0.025807,0.0161294,0,0,0.0161294,0.0516143,0.0387105,0.0548399,0.00645176,0,0,0.0677301
#[v_choice,78]
%0.055283,0.00368614,0.0159707,0.00122851,0.0122851,0.0307128,0.0589857,0,0.0110566,0.0134462,0.0159706,0.0589686,0,0.0159707,0.0675681,0,0.00982809,0.0294843,0.0331779,0,0.0331698,0.00122851,0.00122861,0.00123308,0.0429979,0.00122851,0.00122851,0,0.0135152,0.00491405,0.00368554,0.00368554,0.00368554,0.0245702,0.0135134,0,0.00614239,0.0565115,0.0245702,0.0687967,0.00245702,0,0,0.0307128,0.0393124,0.0466834,0.0823375,0.00122851,0,0,0.0577401
#[v_choice,79]
%0.0351105,0.0371712,0.00539209,0.0406948,0.041344,0.00751964,0.0166047,0.0119316,0.0302711,0.0376886,0.00932259,0.00679156,0.0177915,0.0097617,0.0196921,0,0.045753,0.00808084,0.0135462,0.0354235,0.0214076,0.0234773,0.0548532,0.0152431,0.0161177,0,0.0507759,0,0.0486887,0.00225274,0.0194634,0.0249396,0.0113173,0.0312695,0.0099971,0,0.0136734,0.0135154,0.00563345,0.0138353,0.0419336,0,0,0.0131766,0.0144465,0.0102509,0.0198389,0.0438916,0,0,0.05011
#[v_choice,80]
%0.0564091,0.0292256,0.0085671,0.0129053,0.0357486,0.0121173,0.0344834,0,0.0379262,0.0358675,0.0143621,0.0253663,0.0103692,0.0209941,0.0210848,0,0.0364771,0.0221314,0.0302628,0.0146155,0.0419401,0.00847092,0.0235192,0.0111033,0.0201732,0,0.0058055,0,0.0509553,0.0023912,0.0245537,0.0161348,0.0119414,0.0317745,0.00545508,0,0.0153285,0.0130689,0.02083,0.0204396,0.0153329,0,0,0.0043205,0.0309737,0.0140759,0.0337406,0.0102757,0,0,0.108482
#[v_choice,81]
%0.0255181,0,0.0299014,0.00853762,0.00640217,0.0384401,0.0555245,0,0.010675,0.00426852,0.0085468,0.0683279,0.00213176,0.0106082,0.0834258,0,0.00854048,0.0328911,0.0128104,0.00213112,0.0128145,0,0.00213155,0.00406945,0.13025,0,0.00426778,0,0.0106718,0.0384429,0.00853931,0,0,0.0064027,0.0448401,0,0.00213284,0.074761,0.00640791,0.0619212,0,0,0,0.0170914,0.0427065,0.055513,0.0405999,0.00640565,0,0,0.0213496
#[v_choice,82]
%0.0532438,0.023883,0.0106004,0.0123813,0.0316073,0.0116918,0.0392045,0.00409277,0.029884,0.0418521,0.0107222,0.0291453,0.0172709,0.0132776,0.0193644,0,0.0337621,0.0282799,0.0291899,0.0219281,0.0437564,0.00309275,0.0259478,0.00567817,0.022751,0,0.0119389,0,0.0582958,0.00564938,0.0229791,0.00903822,0.00869721,0.0458605,0.00397081,0,0.00712598,0.0173104,0.0110901,0.0173867,0.0233676,0,0,0.0155299,0.0366818,0.0159965,0.0386062,0.00591526,0,0,0.0819521
#[v_choice,83]
%0.056005,0.0246495,0.0151005,0.0185541,0.0332888,0.0103778,0.0328185,0.00459597,0.0282595,0.0345082,0.0131895,0.0212232,0.0136094,0.0150784,0.0281188,0,0.0386201,0.0182877,0.0238777,0.0201048,0.0539663,0.0100032,0.0217151,0.0179272,0.0214349,0,0.0116444,0,0.0371035,0.00882275,0.0179046,0.0188842,0.00998279,0.0320777,0.00785043,0,0.0103459,0.0148235,0.0198643,0.0233843,0.0157204,0,0,0.00891912,0.0451857,0.0146606,0.0470774,0.0132766,0,0,0.0671577
#[v_choice,84]
%0.0575266,0.00325022,0.0176638,0.00435668,0.0178518,0.0157023,0.069365,0,0.0174314,0.00914967,0.01307,0.0472519,0.00145202,0.0392272,0.062069,0,0.0135745,0.0592126,0.018645,0.00595834,0.0679062,0.00157183,0.00726328,0.00460473,0.0409289,0,0.00150181,0,0.0118196,0.00145126,0.00146978,0.00290959,0.00300777,0.0338986,0.00435589,0,0.00145375,0.0479061,0.014506,0.046476,0.00580752,0,0,0.0261246,0.0558309,0.0386192,0.0650321,0.00145183,0,0,0.041345
#[v_choice,85]
%0.0893579,0.0441693,2.89301e-05,0.0544636,0.0297207,0.0391291,0.00489682,0,0.0310208,0.0583126,0.02397,0.012431,0.00769394,0,0.00142234,0,0.0339582,0,0.044063,0.103764,0.0122623,0.0472083,0.0512785,0.0202242,0.000324093,0,0,0,0,0,0.068932,0.000829172,0.0121472,0.0116738,0.0195413,0,6.28091e-05,0.0233112,1.88409e-06,0.00593855,0.011678,0,0,0.00521742,0.000160992,0.0084484,0.0252674,0.0442269,0,0,0.0528629
#[v_choice,86]
%3.54392e-10,4.81353e-10,0,4.83471e-08,0.0912872,0.0407754,2.86175e-11,0,0,1.50867e-09,0,2.3986e-10,1.37616e-11,4.05693e-16,3.14023e-08,0,4.36596e-12,1.33112e-09,3.85958e-09,0.0473433,9.67208e-12,0.0474029,0.0445481,0.0432706,0.0945373,0,0.0408875,0,3.11004e-09,0.0408875,0.0136767,9.65959e-12,0,0.202489,1.09785e-07,0,0.097532,4.17272e-10,0.000198715,0.0481611,0.0499289,0,0,0,0.0452227,1.61856e-09,0.0486257,0.00322532,0,0,3.49253e-24
#[v_choice,87]
%0.0635773,0.0542874,3.96546e-05,0.0521952,0.0330974,0.00204876,0.0245141,0,0.0211917,0.0892072,0.0102277,0.0142851,0.0382161,0.0189051,0.000492931,0,0.0512366,0.0108875,0.0168325,0.0303538,0.0151204,0.00812108,0.037208,0.0151766,0.00182527,0,0.0109649,0,0.0530432,0.00184254,0.0352591,0.00965855,0.0061586,0.0428205,0,0,0.00509239,0.00542571,0.0127456,0.00369682,0.0208674,0,0,0.00519073,0.030077,0.00335439,0.0276852,0.0197864,0,0,0.0972836
#[v_choice,88]
%0.0200669,0,0.0117057,0.00334448,0.00167224,0.0342809,0.0585284,0,0.00334448,0.00083612,0.00919732,0.0593645,0.00083612,0.020903,0.0225753,0,0.00167224,0.0317726,0.0117057,0,0.0217391,0,0,0.00167224,0.208194,0,0,0,0.00250836,0.083612,0.00250836,0,0,0,0.0919732,0,0.00167224,0.0409699,0.00585284,0.0602007,0.00083612,0,0,0.0326087,0.027592,0.0727425,0.0376254,0.00167224,0,0,0.014214
#[v_choice,89]
%0,0,0,0,0,0,0,0,0,0.110096,0,0,0,0,0,0,0.0836661,0,0,0.114434,0,0,0,0,0.0867949,0,0,0,0.0849124,0,0,0,0,0.086938,0,0,0,0,0,0,0.0865902,0,0,0,0,0,0,0.259781,0,0,0.086787
#[v_choice,90]
%0.0674173,0.03856,0.0115708,0.0304712,0.0460801,0.00347434,0.0137359,0.0110881,0.0131949,0.0102297,0.0103344,0.0120754,0.0287184,0.00655197,0.0223876,0,0.0399388,0.0159968,0.0279483,0.0489711,0.0193376,0.023789,0.0331491,0.00839167,0.0273945,0.000274409,0.024492,0,0.0307213,0.00382541,0.0512384,0.0116645,0.0143884,0.0308346,0.00102359,0,0.0204795,0.0185616,0.000214289,0.032531,0.0338142,0,0,0.00440019,0.0196011,0.00560704,0.00564343,0.0133922,0,0,0.106486
#[v_choice,91]
%0.0526376,0.0222242,0.0165685,0.0157036,0.035973,0.00905552,0.0306423,0.00380862,0.0276866,0.0293877,0.0113964,0.0189942,0.0129846,0.0130742,0.0317986,0,0.0315653,0.0449907,0.0351636,0.021107,0.0524978,0.00919257,0.0184423,0.014734,0.0208232,0,0.0107809,0,0.0333199,0.00913901,0.0154339,0.0163006,0.00949335,0.0323593,0.00627576,0,0.0110836,0.0155528,0.0175643,0.0201368,0.0147811,0,0,0.0153359,0.0459,0.0128739,0.0502782,0.0136619,0,0,0.0692765
#[v_choice,92]
%0.0298844,0.0487604,0.00807004,0.0548835,0.0336107,0.01141,0.0113599,0.0145823,0.0422788,0.0273983,0,0.0244887,0.0212616,0.0297594,0.00947279,0,0.0472432,0.00348373,0.00495257,0.068825,0.0369648,0.0128554,0.0439422,0.0119558,0.00621562,0,0.0553696,0,0.0443781,0,0.0140699,0.0246899,0.0124932,0.015381,0,0,0.0261897,0.0216705,0.00349268,0.0193662,0.0165236,0,0,0.00410055,0.025744,0.00404601,0.050259,0.0258168,0,0,0.0327501
#[v_choice,93]
%0.0379604,0.0635808,0.00402387,0.0482816,0.0352424,0.0120721,0.013356,0.00268214,0.0227834,0.0400777,0.00691058,0.00784956,0.021451,0.00933937,0.0268353,0,0.0486449,0.0133514,0.0162898,0.0449538,0.0240431,0.016081,0.0429156,0.00527265,0.00933665,0,0.031756,0,0.0442323,0.0040231,0.0474879,0.0212431,0.0124596,0.0241533,0.0120463,0,0.0281786,0.0107324,0.00268332,0.0120765,0.0308417,0,0,0.00670956,0.00796151,0.00940004,0.0107258,0.0281827,0,0,0.0817712
#[v_choice,94]
%0.0483326,0.00950714,0.0281247,0.00789274,0.0223489,0.0167521,0.0718971,0,0.0180092,0.0200299,0.0157082,0.0399978,0.00454105,0.034832,0.053779,0,0.0164483,0.0481093,0.0323051,0.00569103,0.0521015,0.00170728,0.00566411,0.0120659,0.0192428,0,0.00397099,0,0.0220726,0.000566129,0.00282564,0.00112881,0.00566387,0.0159202,0.00226318,0,0.00168841,0.0339676,0.0152864,0.053774,0.0062271,0,0,0.0300119,0.0567335,0.0141508,0.059975,0.00593584,0,0,0.0827505
#[v_choice,95]
%0.05916,0.035496,0,0.035496,0.0188025,0.00789881,0.011843,0,0.023664,0.043384,0,0.01972,0.011832,0.015776,0.01972,0,0.0394398,0.023664,0.007888,0.0624817,0.05916,0.0230355,0.0233109,0.0116021,0.00665695,0,0,0,0.043384,0,0.0420648,0.043384,0.00788801,0.059348,0.011832,0,0.0221441,0.007888,0.00392483,0.0150744,0.0385679,0,0,0,0.0271895,0.011832,0.0347497,0.0154649,0,0,0.0552324
#[v_choice,96]
%0.0368271,0.0517787,0,0.0749728,0.0133016,0.00202676,0.0128546,0,0.0425804,0.0657162,0.00813235,0.0183854,0.0284939,0.00426377,0.00281273,0,0.0378651,0.00677644,0.0108188,0.0610525,0.0236356,0.0183412,0.0356433,0.00821122,0.00793541,0,0.0157687,0,0.0574885,0.0115166,0.0378807,0.0360953,0.00281496,0.0330672,0.00754177,0,0.0217652,0.00247882,0.00487336,0.00281772,0.0545752,0,0,0.00521027,0.0241662,0.00490276,0.0127202,0.0368905,0,0,0.0550002
#[v_choice,97]
%0.048229,0.0444278,0.00774398,0.0392553,0.0355455,0.00338653,0.0112525,0.00948118,0.0604855,0.0576919,0.00613937,0.00727714,0.0181662,0.0142471,0.00186132,0,0.0497607,0.0101289,0.0147172,0.0363592,0.0261278,0.00630108,0.0318674,0.00820897,0.00389322,0.001054,0.0475756,0,0.0738886,0.0111984,0.0228693,0.0286544,0.00900475,0.0343055,0.000337268,0,0.0138515,0.0032541,0.00544715,0.00134485,0.0283309,0,0,0.00514438,0.0324204,0.00845666,0.0278233,0.0537228,0,0,0.0387614
#[v_choice,98]
%0.0416399,0.0396418,0,0.010299,0.0216351,0,0.031109,0,0.0313775,0.0515998,0.0205589,0.0207338,0.0616977,0.0202183,0,0,0.011076,0.0206096,0.0125423,0.0470968,0.0221217,0,0.0429779,0.0215883,0,0,0.0517784,0,0.0212428,0,0.0300021,0.0411861,0.0415184,0.0303486,0.010363,0,0,0.0276199,0.00746562,0.0114611,0.0311236,0,0,0,0.0187835,0,0.0343557,0.0417109,0,0,0.0725168
#[v_choice,99]
%0.0539573,0.0436049,0.0063198,0.0187224,0.0355674,0.00348498,0.0189184,0.00270466,0.0270141,0.0537478,0.0106912,0.00995047,0.0231143,0.0128624,0.00786534,0,0.0457563,0.0152529,0.0207346,0.0448274,0.0365823,0.0200159,0.0276091,0.0112837,0.00479144,0,0.0282773,0,0.0570497,0,0.0328965,0.0159473,0.0129358,0.0450942,0.00349262,0,0.00745367,0.00569872,0.00874757,0.00823071,0.0403311,0,0,0.00641791,0.0377443,0.00481527,0.0382336,0.032869,0,0,0.0583855
#[v_choice,100]
%0.101847,0.0216388,0.0129833,0.00750146,0.0519332,0.0106752,0.0291403,0.00259666,0.0369303,0.0216388,0.0164455,0.0170226,0.00952109,0.0233699,0.0314484,0,0.0340451,0.0380844,0.0225044,0.0109637,0.0369303,0.00577036,0.0181739,0.0126948,0.0193307,0,0.00548184,0,0.0455858,0.00605887,0.0170226,0.0141374,0.0115407,0.0308714,0.00865553,0,0.00519332,0.0207733,0.0150029,0.0175996,0.0126948,0,0,0.00894405,0.040104,0.00894405,0.0398155,0.00980961,0,0,0.088575
#[v_choice,101]
%0.0380987,0.036863,0.00953787,0.0189918,0.0360977,0.00669187,0.030928,0.00308567,0.0318603,0.0502287,0.0150726,0.0221466,0.0162763,0.0205768,0.0183616,0,0.0474426,0.0305816,0.0212479,0.0253261,0.0371905,0.0079175,0.0425759,0.00844304,0.015296,0,0.00860364,0,0.0612914,0.00194177,0.0273945,0.0146663,0.00728561,0.0461669,0.00665535,0,0.00930878,0.0109041,0.0107922,0.0192391,0.015313,0,0,0.00950818,0.029163,0.00938032,0.0254819,0.0145589,0,0,0.0815065
#[v_choice,102]
%0.0697599,0.0554257,0.00286685,0.0200679,0.0401359,0,0.0114674,0.00477808,0.0525589,0.0535145,0.0133786,0.000955616,0.0229348,0.012423,0.00764493,0,0.0430027,0.0143342,0.0162455,0.024846,0.037269,0.0162455,0.0238904,0.0162455,0,0,0.0277129,0,0.0520293,0,0.0382246,0.0315353,0.00477808,0.0449139,0,0,0.00764493,0.000955616,0.012423,0.000955616,0.037269,0,0,0,0.0363134,0,0.0143342,0.0286685,0,0,0.102251
#[v_choice,103]
%0.0326138,0.053948,0.00360754,0.0390124,0.0435748,0.00157869,0.0120529,0.0108853,0.0391566,0.0524701,0.00716667,0.00746581,0.0270442,0.00987594,0.00698167,0,0.0499599,0.0151925,0.0180646,0.0496938,0.0297515,0.0213399,0.0488491,0.0116764,0.00153005,0,0.0420479,0,0.0541985,0,0.0488931,0.0296265,0.00941069,0.0276351,0.000795579,0,0.013214,0.00206821,0.00858496,0.00463843,0.0332433,0,0,0.00330458,0.0192209,0.000622049,0.0141316,0.0354876,0,0,0.0593848
#[v_choice,104]
%0.0493403,0.0382816,0.0089555,0.0174611,0.0455013,0.00413895,0.0237561,0,0.0464878,0.0452499,0.00926764,0.0124955,0.0185648,0.0165175,0.0186229,0,0.0439675,0.0197597,0.0248045,0.0237916,0.0319533,0.0217286,0.0453154,0.021233,0.00103474,0,0.00517289,0,0.0620736,0,0.0434584,0.0161006,0.0124132,0.0360052,0.00103474,0,0.00929577,0.00342086,0.0158708,0.0143748,0.0248289,0,0,0.00404905,0.0259511,0.00403472,0.0402897,0.01331,0,0,0.0800865
#[v_choice,105]
%0.0552543,0.00773783,0.0214852,0.0103474,0.0181287,0.0162607,0.0621946,0.00171513,0.0267992,0.0129515,0.0181286,0.0457583,0.00259002,0.0232935,0.056989,0,0.0129494,0.0343808,0.0310852,0.00690672,0.0552105,0.000863222,0.00345251,0.00604419,0.0129469,0,0.00601314,0,0.0276344,0.0215801,0.00603263,0.0017266,0.00259024,0.0302208,0.0112249,0,0.00518061,0.0301423,0.0172688,0.0405821,0.010354,0,0,0.0198589,0.05267,0.0146783,0.0663872,0.0112264,0,0,0.081155
#[v_choice,106]
%0.0318745,0.0505577,0.0027241,0.0622689,0.0284486,0.00340193,0.0101198,0.00227172,0.0448785,0.0577052,0.00799507,0.00721103,0.0253063,0.00518405,0.0102985,0,0.048227,0.0139292,0.0143959,0.0431615,0.0282324,0.0163568,0.0436331,0.0108583,0.00468919,0,0.0109336,0,0.0454577,0.00425709,0.0367192,0.0262838,0.0149175,0.0312785,0.00172623,0,0.0272358,0.00695272,0.00899966,0.00875808,0.0407721,0,0,0.00379295,0.0313589,0.00312683,0.0203051,0.0452787,0,0,0.0581161
@v_3_del
$Dim[107,21]
#[v_choice,0]
%0.000176223,0.0120027,0.0565874,0.0727391,0.105518,0.140063,0.0740244,0.135265,0.168675,0.0443141,0.032531,0.0544977,0.0512664,0.0380699,0.00200366,0.00100646,0.00334811,0.00125771,0.000314637,0.000283178,0.00605533
#[v_choice,1]
%0,0.000434869,0.184788,0.120072,0.0928839,0.150312,0.137091,0.192313,0.0402429,0.0195689,0.0362833,0.00650291,0.00277346,0.00529006,0.00152185,0.00162098,0.00269191,0.00108646,0,0.000914337,0.00360862
#[v_choice,2]
%1.40209e-07,0.015755,0.128282,0.085046,0.157821,0.132783,0.0906369,0.146858,0.141131,0.0201453,0.0228862,0.0215362,0.0124477,0.0153441,0.00156384,3.1617e-05,0.000348316,0.000191618,0.000945384,0,0.00624731
#[v_choice,3]
%0,0.0231993,0.121661,0.125631,0.101458,0.166672,0.0933961,0.165985,0.0706211,0.0404083,0.0191776,0.0313913,0.00856895,0.0133227,0.00462011,1.28269e-09,0.00103695,0.000756482,0.00897505,5.99649e-07,0.0031186
#[v_choice,4]
%0,0,0.0166341,0.0490029,0.0481029,0.054231,0.117696,0.139936,0.180973,0.137661,0.0335665,0.118359,0.0473517,0.0200877,0.00705926,0.00976319,0.00122343,0,0.00202575,2.87976e-06,0.0163247
#[v_choice,5]
%0,2.67645e-08,0.0970036,0.0815009,0.057391,0.184501,0.0650209,0.122622,0.0945505,0.087347,0.0627552,0.0880949,0.0254829,0.0048551,0.00296477,0.00482959,0.000573618,0.0107261,1.17289e-05,0.00424397,0.00552584
#[v_choice,6]
%0.00140438,0.00435296,0.0758479,0.0105466,0.220165,0.25379,0.0919279,0.129222,0.0665515,0.077916,0.0202456,0.0171492,0.014571,0.00311597,0.00208372,0.00355031,0.00132813,0.00122825,1.05945e-08,0,0.00500385
#[v_choice,7]
%0,0,0,0,0.103653,0.182587,0.23965,0.067887,0.215879,0.0902399,0.0575534,0.0171345,0,0,0.0141447,0,0,0.0112714,2.42594e-16,1.53156e-31,4.16516e-52
#[v_choice,8]
%0,0.00105688,0.0672616,0.0291394,0.1842,0.0922911,0.140186,0.197516,0.0737563,0.0397953,0.0366151,0.0314764,0.0245143,0.0404841,0.0150552,0.00306873,0.00225656,0.00415931,0.000704109,0.00350112,0.0129619
#[v_choice,9]
%0,0.000292557,0.0687449,0.00619943,0.221912,0.24866,0.0899069,0.0836795,0.115662,0.0997436,0.00676405,0.0289672,0.00674302,0.00249199,0.00980772,0.00282304,0,0,0.00506009,0,0.00254185
#[v_choice,10]
%0.000133399,0.000460343,0.0280268,0.110263,0.136901,0.038851,0.107692,0.14405,0.137594,0.0845885,0.0347604,0.0810685,0.0412308,0.011813,0.00321949,0.010136,0.00271685,0.00581254,0.00421705,0.0042393,0.0122266
#[v_choice,11]
%0,0.0144114,0.102249,0.0863027,0.185996,0.0952904,0.100373,0.160768,0.125026,0.048538,0.0241326,0.013127,0.000592733,0.0115743,0.0106572,0,0.00190116,0.00633229,0.00221454,0,0.0105138
#[v_choice,12]
%0,0.019008,0.0485873,0.130104,0.156844,0.119433,0.0785421,0.148507,0.158081,0.0440658,0.0353489,0.0238579,0.00945005,0.00691476,0.00581035,0,0,0.00382739,0.00214154,0.000934985,0.00854151
#[v_choice,13]
%0,0.000190691,0.0796904,0.0225341,0.248735,0.220338,0.0898256,0.129131,0.0744961,0.0841526,0.0208945,0.00195882,0.00563332,0.00342794,0.00102646,0.00325756,0.000572221,0.00395231,0,3.16584e-07,0.0101828
#[v_choice,14]
%0,0,0.10309,0.0638399,0.168451,0.175033,0.0264658,0.263953,0.0398088,0.0792626,0,0,0.0512387,0.00747931,0,0,0.0213785,0,0,3.33887e-07,1.09588e-26
#[v_choice,15]
%0,0,0.00410703,0.0145252,0.141788,0.0744548,0.267216,0.249395,0.0443812,0.035133,0.092673,0.0306326,0.00118517,0.00531847,0.0140566,0.0138664,0,0,0,0.00165702,0.00961074
#[v_choice,16]
%0.000887086,0,0.0568722,0.0353022,0.0650125,0.132301,0.0519782,0.15766,0.0962958,0.110988,0.118208,0.0569767,0.0605589,0.0416884,0.00448023,5.18289e-05,0.0056294,0,0,0.000405642,0.00470315
#[v_choice,17]
%0.000583655,0.0193405,0.0749045,0.0837436,0.131038,0.155626,0.0873496,0.144853,0.11798,0.0348674,0.0389801,0.0551152,0.00861233,0.0254637,0.00147819,0.00268216,0.00131304,0.00534726,0.00276389,5.66197e-05,0.00790068
#[v_choice,18]
%0,0.00435584,0.0658854,0.0542957,0.182396,0.151382,0.187635,0.121695,0.0847306,0.0441877,0.0601256,0.0020568,0.030634,0.00537978,0,0,0,0,0,0,0.00524034
#[v_choice,19]
%0.00580177,7.62208e-05,0.0165618,0.047847,0.0231951,0.0948326,0.106376,0.142716,0.166387,0.148169,0.0122176,0.138143,0.0502514,0.0159691,0.00842044,0,0.00218063,0,0,0.00676307,0.0140936
#[v_choice,20]
%0.000254303,0.00702263,0.124129,0.0827533,0.0631966,0.18816,0.0597505,0.119433,0.0951182,0.0798604,0.0667781,0.0689034,0.0193095,0.00855742,0.00261808,0,4.01053e-06,0.00149903,0.00214846,0,0.0105042
#[v_choice,21]
%0,0.0114971,0.289843,0.103206,0.141181,0.211221,0.13925,0.041667,0.0237477,0.0125836,0.0177654,0.00257727,0.0015346,0.00392683,1.48077e-10,0,2.43928e-11,1.38866e-07,4.1878e-12,0,8.81016e-09
#[v_choice,22]
%0,0.00107497,8.49458e-08,5.84176e-07,0,0.216909,0.0348344,0.0872049,0.142842,0.192854,0.0965902,0.0400155,0.108788,0.0262052,0.00620153,0.0140612,0.0125685,9.25879e-05,0.00822388,0.000801336,0.0107323
#[v_choice,23]
%0,0,0.0229479,0.278041,0.125552,0.165137,0.0451684,0.1752,0.0340014,0.0625945,0.0114231,0.0228397,0.0390025,0.00788437,0.000568718,7.82951e-05,8.29757e-05,0.00515665,0.00417142,4.00896e-05,0.000110156
#[v_choice,24]
%0,0.0162406,0.106619,0.063122,0.170594,0.122259,0.0713838,0.164181,0.182339,0.0124581,0.0287768,0.0183586,0.00365196,0.0239638,0.00147406,0.00152953,9.86646e-06,0.00687998,0,0.000361104,0.00579806
#[v_choice,25]
%0,6.83522e-09,0.091563,0.0395097,0.0451239,0.163197,0.0449396,0.192934,0.125022,0.0832475,0.0837734,0.0835303,0.0197045,0.00841371,0.0021452,0.003728,0.000196813,0.00246582,0.0022811,0.000571671,0.0076532
#[v_choice,26]
%0.00242317,0.000725168,0.0492867,0.0474789,0.21584,0.21658,0.12649,0.0615564,0.0849048,0.0961179,0.021829,0.0458279,0.0141592,0.00740177,0.00410672,1.5315e-09,3.40465e-05,0.00365969,5.55265e-10,0,0.00157904
#[v_choice,27]
%7.51683e-07,4.03397e-07,0.0415165,0.0837357,0.116064,0.0439881,0.122055,0.149137,0.11635,0.110579,0.0306234,0.0940403,0.0483754,0.0061669,0.00640111,0.00485889,0.00779863,0.00702349,0.00230099,0,0.00898508
#[v_choice,28]
%0,0.000369032,0.0897462,0.0652951,0.0506772,0.156848,0.0640163,0.179818,0.071984,0.0912683,0.0879488,0.0945756,0.0208852,0.00140402,0.00589396,0.00966618,0,0.00100284,0.000936962,0.00349299,0.00417201
#[v_choice,29]
%0,0.00949096,0.116019,0.107512,0.154198,0.0832599,0.086872,0.15901,0.190298,0.0104337,0.0329307,0.0169101,7.2336e-05,0.0102176,0.00940649,0,0.00191781,0,0,0.00597719,0.0054746
#[v_choice,30]
%0,0.000439328,0.185631,0.120694,0.0931266,0.150799,0.137112,0.19195,0.0398781,0.0193669,0.0355791,0.00626328,0.00264835,0.00521003,0.00145843,0.00162312,0.00262805,0.00106457,0,0.000895524,0.00363318
#[v_choice,31]
%0,0,0.000705966,0.143864,0.0569739,0.0786378,0.271414,0.135641,0.127007,0.0269478,0.0830965,0.0193563,0.0240279,0.00614323,9.17893e-05,0.0129428,0.00792222,0.00141558,0,0.000823575,0.00298925
#[v_choice,32]
%0,0,0.102569,0.065007,0.0748917,0.253583,0.0706005,0.17283,0.0820765,0.0700327,0.0842724,6.47784e-06,0.00930491,0,0,0,0,0,0,0,0.0148262
#[v_choice,33]
%0,0,0,0,0,0,0.316727,0.314033,0,0.144579,0.116361,0.046992,0.00662458,0.0201006,0.00410152,0.0103993,0.00905811,0,0.00708193,0.00394053,4.31378e-24
#[v_choice,34]
%0,0.00486452,0.247273,0.0398067,0.115755,0.205374,0.200437,0.0575646,0.0373594,0.0222587,0.0326831,0.0136726,0.00836984,0,0.00299669,0,0,0,0,0.00587956,0.00570502
#[v_choice,35]
%0.000165177,0.009385,0.066637,0.027076,0.132604,0.065094,0.102701,0.133905,0.185668,0.105075,0.0728942,0.0565352,0.022343,0.0163267,0,0,0,0.00359046,9.16007e-23,1.93503e-36,0
#[v_choice,36]
%0.000145267,0.0105541,0.0794106,0.077449,0.0714786,0.156183,0.0801403,0.133926,0.129287,0.0889292,0.0607934,0.0836239,0.0059689,0.0145247,0.00184704,1.18248e-05,0.00162601,0.00109034,0.000567402,0.00157527,0.000868749
#[v_choice,37]
%0,0,0.123691,0.16998,0.058846,0.167785,0.174333,0.079196,0.0563797,0.0367776,0.0283002,0.032019,0.0205949,0.0288416,0.00393063,0.00305429,0.00695681,0.00156458,0.00245971,0.000516719,0.00477198
#[v_choice,38]
%0,0,0.157825,0.136574,0.114947,0.1766,0.0929748,0.0459855,0.100713,0.0466906,0.0593622,0.0226871,0.00599187,0.0213868,0,0.00125786,0.00206959,0.0014908,3.90408e-06,0.010797,0.00264274
#[v_choice,39]
%0.000465888,0.00103618,0.0122842,0.0573415,0.0557702,0.0912299,0.104172,0.152092,0.168093,0.128951,0.0403862,0.084722,0.0622475,0.0101335,0.00532781,0.00982877,0.00247047,0.00221277,9.14061e-05,0.00252393,0.00861976
#[v_choice,40]
%0,0,0.0323677,0.113191,0.107019,0.0340076,0.123711,0.11984,0.139979,0.103846,0.0348302,0.0823414,0.0396836,0.0144568,0.00770584,0.0109113,0.00872656,0.00664095,0.00434912,0.00470286,0.0116905
#[v_choice,41]
%0.00205424,0,0.0612876,0.0370618,0.0651837,0.120241,0.0511012,0.165019,0.0969942,0.115497,0.119085,0.0537643,0.0566835,0.0425876,0.00414016,3.85128e-05,0.00574,0,0,0.000362713,0.00315801
#[v_choice,42]
%0.000723062,2.48615e-05,0.0491046,0.0551328,0.192965,0.254607,0.0665296,0.11394,0.118178,0.0990593,0.0129698,0.015227,0.00950273,0.0011826,0.000103904,0.00221454,0.00290155,0.00053376,0,0.000684899,0.00441528
#[v_choice,43]
%0.00748383,0.00379953,0.0493997,0.0511495,0.261047,0.225393,0.0710954,0.0966372,0.129015,0.0521186,0.0239908,0.000301488,0.0214003,0.00283819,0,0,0.002177,2.49292e-09,0,2.87679e-05,0.00212378
#[v_choice,44]
%7.76097e-05,0.0183992,0.0865335,0.079044,0.0667436,0.149981,0.0750684,0.134762,0.124762,0.0786253,0.0621391,0.0834406,0.00543951,0.0140396,0.00154307,4.52255e-06,0.0024549,0.000877449,0.000464017,0.003357,0.0122431
#[v_choice,45]
%0,0,0.103171,0.0590179,0.188411,0.0934654,0.130735,0.217323,0.116562,0.0185738,0.0474621,0.0143425,0.00395698,0.006979,7.49246e-19,6.11452e-41,0,0,0,0,0
#[v_choice,46]
%0,1.7678e-05,0.0882459,0.0652092,0.226805,0.0806623,0.15352,0.182505,0.0965703,0.0263543,0.0429131,0.0158153,0.0161903,0.00105058,0.000797982,0.000312637,0,0.000284442,0,0,0.00274591
#[v_choice,47]
%0,3.62768e-05,0.170182,0.133979,0.0462748,0.42461,0.0348319,0.107187,0.0286844,0.0435503,0.0017369,0.000373623,0.00659145,3.87843e-05,0,0,0.00192182,0,0,1.37941e-06,0
#[v_choice,48]
%0,0.000305062,0.0689518,0.00601961,0.233671,0.262824,0.0926507,0.0842178,0.108524,0.0860046,0.00561183,0.0217667,0.00634669,0.00266796,0.00987881,0.00262187,0,0,0.00523896,0,0.00269877
#[v_choice,49]
%0.000675734,2.10171e-05,0.0444608,0.0544156,0.192638,0.257407,0.0672285,0.114211,0.120357,0.0977728,0.0131557,0.0150612,0.00939027,0.00126726,0.000132248,0.00238035,0.00324183,0.000381233,0,0.000680599,0.00512265
#[v_choice,50]
%0,0.0183624,0.0602687,0.075135,0.0779426,0.156823,0.116713,0.136217,0.126799,0.0788401,0.0421052,0.0422141,0.0299539,0.031807,4.51002e-09,0.000209419,0.000626741,0.00171994,0.00116301,0,0.00309942
#[v_choice,51]
%1.3902e-06,0.00010791,0.0418455,0.130759,0.173267,0.0476469,0.0956469,0.16719,0.106472,0.0509884,0.0592854,0.0417576,0.0537906,0.00277024,0.00358215,0.00621117,0.00494261,0.00798898,0.000225432,0.000382854,0.0051385
#[v_choice,52]
%0.000482737,0.000851663,0.037268,0.0508644,0.0684522,0.0505249,0.14014,0.160287,0.0823644,0.117597,0.0113175,0.183796,0.0315009,0.0219643,0.0041527,0.00756637,0.00458257,0.0081242,2.83215e-06,0.00381348,0.014346
#[v_choice,53]
%0,0.00230029,0.0171707,0.0615189,0.10239,0.0387378,0.302302,0.199672,0.0731213,0.0759219,0.068956,0.00082201,0.0351651,0,0.00760366,0.00209955,0,0,0,0,0.0122193
#[v_choice,54]
%0.0006062,5.49894e-05,0.0303057,0.064306,0.0690113,0.0534389,0.141388,0.140918,0.069005,0.113747,0.0321171,0.166974,0.0550944,0.0103342,0.00519146,0.00705026,0.00988725,0.00866969,0.00297126,0.000649077,0.0182805
#[v_choice,55]
%0,0.00160129,0.0434641,0.105931,0.148078,0.0380924,0.097238,0.132958,0.125573,0.0850549,0.035207,0.102535,0.0445915,0.00761774,0.00594894,0.0010006,0.00149024,0.0112065,0.00232011,0.000173366,0.00991931
#[v_choice,56]
%6.05892e-05,0.0172449,0.120623,0.115603,0.113623,0.18414,0.108182,0.152885,0.076773,0.0313341,0.0197056,0.0262605,0.00485183,0.0171273,4.66653e-05,0.00154212,0.0022425,0.000231829,0.00343974,0.00130308,0.0027804
#[v_choice,57]
%0,0.0159087,0.0712348,0.0868125,0.171611,0.0930862,0.0945164,0.16316,0.135412,0.0646275,0.0291558,0.0218359,0.0180406,0.00930482,0.00508183,0.000822088,0.00407479,0.00265699,0.0043738,2.4864e-05,0.00825972
#[v_choice,58]
%0,0.00111787,0.0113999,0.020252,0.134522,0.222074,0.0913095,0.0897401,0.202803,0.101962,0.0130693,0.0653289,0.0344859,0.00649989,0.000261532,0.00105652,0,0,0.00202879,0,0.00208866
#[v_choice,59]
%0.00107962,8.48035e-07,0.0623026,0.0464828,0.259142,0.249825,0.0686595,0.0601544,0.130913,0.0640131,0.0266382,0.0069036,0.0116392,0.00254533,0,0.00219643,0.000421333,0.00193338,0.000913556,0.000462592,0.00377356
#[v_choice,60]
%0,0,0,0.342296,0.0431263,0.183826,0.0742008,0.0993,0.108429,0.105944,0.0201444,0.00539326,0,0.00536899,0,0.00124259,0.00183132,0.0064994,0,0,0.002398
#[v_choice,61]
%0,2.64321e-05,0.00248093,0.197394,0.0608227,0.149001,0.147083,0.143102,0.0505212,0.170409,0.0512889,0.00228726,0.0107617,0.00305569,0.000842397,0.00131045,0.000887831,0.00297796,0.00042244,0.00181609,0.00350844
#[v_choice,62]
%0,0,5.4759e-05,0.160749,0.112766,0.0601043,0.207364,0.143445,0.0727179,0.192685,0.0168817,0.00182953,0.0154477,0,0.00173914,0,0.00469103,0,0.00516605,0,0.00436018
#[v_choice,63]
%2.12713e-06,2.72211e-05,0.00418693,0.162886,0.0657413,0.135826,0.159283,0.14896,0.0661056,0.178381,0.041629,0.00934204,0.00827576,0.00314142,0.00309884,0.00378635,0.00170904,0.000600399,0.000496029,1.43318e-05,0.00650781
#[v_choice,64]
%0,0,0,0,0,0.18893,0.136686,0.0484101,0.148443,0.148091,0.076195,0.155171,0.0371413,0.014984,0.00210817,0.00329033,0.00810838,0,0.00782232,0.0117986,0.0128204
#[v_choice,65]
%0.000164521,0.000517376,0.0287077,0.11123,0.138567,0.0407611,0.107238,0.137216,0.134682,0.0833126,0.0346432,0.0832073,0.0441629,0.0115351,0.00304753,0.00962545,0.00296186,0.00631746,0.00450327,0.00458805,0.0130114
#[v_choice,66]
%0.000106313,0.00027384,0.0326862,0.0700584,0.118693,0.0241572,0.129524,0.122018,0.150461,0.100843,0.0397082,0.110128,0.0629407,0.00862239,0.00479473,0.0067314,0.00337098,0.00750038,0.000551106,0.0024554,0.00437648
#[v_choice,67]
%0,0.00623636,0.051869,0.0372622,0.132447,0.111174,0.107249,0.149116,0.18928,0.100843,0.053968,0.0325945,0.0138048,0.0022758,0,0.00231971,0.00122817,0.00593117,0,0,0.00240201
#[v_choice,68]
%0,0.0036857,0.0361874,0.066029,0.151761,0.0859089,0.097557,0.255837,0.120429,0.0218091,0.0371547,0.00450026,0.00613449,0.0240631,0.0120897,0.00321262,0.0118382,0.0173036,0.0170193,0.00198664,0.0254934
#[v_choice,69]
%0,8.36496e-09,0.0949519,0.0813887,0.0581465,0.18645,0.0652381,0.122759,0.0954328,0.0862974,0.0626852,0.0888605,0.0242593,0.00467023,0.00302065,0.00487282,0.000590698,0.0106509,1.11879e-05,0.00420062,0.00551348
#[v_choice,70]
%0,0,0,0,0.651871,0.00220508,0.00627595,0.00282692,0.000188888,0.00964853,0.0106534,0.000709988,0.31562,1.07148e-29,1.20053e-50,0,0,0,0,0,0
#[v_choice,71]
%0.000166118,0.012025,0.0567711,0.074718,0.103765,0.142629,0.074497,0.136039,0.168301,0.0436966,0.0310012,0.0553366,0.050995,0.0354287,0.00194182,0.000747802,0.0035239,0.00134915,0.000435212,0.000308765,0.00632419
#[v_choice,72]
%0.00115332,0.00216245,0.059093,0.0323474,0.232756,0.220894,0.0966541,0.095137,0.107021,0.092467,0.0152224,0.0119921,0.0165086,0.000429572,0.00111097,0.000640738,0.000804292,0,0.00219547,0.000584756,0.0108253
#[v_choice,73]
%0,0,0.0020347,0.213185,0.0415816,0.130403,0.129936,0.121414,0.0471744,0.23057,0.0429281,0.000132549,0.0261209,0,0.00924075,0.00184328,0.000355377,0,5.055e-07,0.00186656,0.00121337
#[v_choice,74]
%0,0,0.000368991,0.1921,0.0372406,0.126615,0.231082,0.118221,0.155428,0.0188248,0.0678514,0.0192835,0.00241913,0.0136443,0.000706066,0.00903795,0.00180437,0,0,0.0014272,0.00394589
#[v_choice,75]
%0,0,0.173495,0.1059,0.0732135,0.300091,0.101056,0.0763606,0.0544388,0.0356864,0.0439526,0.00672529,0.0187191,0.00492542,0,0,0.000987816,0.0016475,0,0.00280078,1.43403e-22
#[v_choice,76]
%0.000121326,0.000799736,0.110489,0.0391522,0.157322,0.198701,0.119434,0.142662,0.124076,0.075066,0.00321295,0.00136001,0.0120793,5.15092e-07,7.28302e-07,0.00301937,0.00625753,0.00131985,0.00165991,0.0032658,1.74122e-07
#[v_choice,77]
%0,0.00157727,1.82124e-08,0.0580584,0.239657,0.111091,0.105856,0.417572,0.0268557,0.00121854,0.0184605,0.00533443,0.00696087,0.00413151,0,0,0,0,0,0,0.0032259
#[v_choice,78]
%0.00530631,0.000212908,0.0812678,0.0959144,0.0414587,0.198244,0.121709,0.139323,0.084264,0.0766599,0.0670227,0.0395959,0.0265878,0.00969104,9.93974e-09,0.00281215,0.00380291,3.74723e-37,0,0.00147843,0.00464936
#[v_choice,79]
%0.000412177,0.00698739,0.0878462,0.0697127,0.0657783,0.190461,0.0718175,0.116577,0.0976146,0.0878571,0.0703499,0.0789035,0.0215841,0.0080372,0.00230397,0,6.5517e-06,0.00428173,0.00490568,0,0.014563
#[v_choice,80]
%0.00116461,9.73571e-07,0.0666937,0.0467502,0.259955,0.252887,0.0699494,0.060111,0.127147,0.0575655,0.0268887,0.00684522,0.0117019,0.00249132,0,0.00217923,0.000424993,0.00196853,0.000923238,0.000490178,0.00386281
#[v_choice,81]
%0.00356436,1.70359e-05,0.0766932,0.0321546,0.213412,0.243043,0.0915466,0.102379,0.106201,0.0693265,0.0100904,0.0114761,0.00833511,0.00668677,0.00247785,0.000693253,0.00434369,0.00267664,0,0.000778971,0.014103
#[v_choice,82]
%1.51381e-07,0.0163454,0.130755,0.0877271,0.159385,0.130355,0.0895864,0.14235,0.142244,0.0213938,0.0229668,0.0182457,0.0126114,0.0162622,0.00142311,4.31715e-05,0.00044527,0.000167187,0.00116594,0,0.00652664
#[v_choice,83]
%0.00012398,0.0105688,0.082122,0.0767612,0.0700141,0.158766,0.0796285,0.13247,0.127326,0.0866816,0.0615983,0.0852651,0.00590113,0.0150723,0.00183142,1.05673e-05,0.00163154,0.00117802,0.000646645,0.00152627,0.000876697
#[v_choice,84]
%0,0,0,0.687145,0.138752,0.0534452,0.0363727,0.00945982,0.0280912,0.0162183,0.0196515,0.00245228,0.00374807,0,0,0.00133307,0,0.00137724,0,0.00165928,0.000295187
#[v_choice,85]
%0,0.002384,0.0183545,0.06619,0.106768,0.0394804,0.304299,0.195605,0.073368,0.0765069,0.06868,0.000800338,0.0352086,0,0.00703943,0.0019625,0,0,0,0,0.00335289
#[v_choice,86]
%0,0,0,0,0.101067,0.000252529,0.0756077,0.283345,0.0165973,0.240764,0.108543,0.051758,0,0,0.0402913,0,0,0,0,0,0.0817751
#[v_choice,87]
%0,0,0.000908472,0.143739,0.0582829,0.157844,0.191793,0.174481,0.0618222,0.180712,0.0170389,6.87e-07,3.86213e-06,0,4.49338e-05,0.00288275,0.0022485,0,0,0.00180029,0.00639818
#[v_choice,88]
%0.000862182,0.000930775,0.0870557,0.114721,0.109843,0.107864,0.16758,0.181954,0.0707423,0.102563,0.0317872,0.00694177,0.00430777,0.00513476,0.00111971,0,0.0014039,0,0,0.00215226,0.00303611
#[v_choice,89]
%0,0,0,0,0.206806,0.304283,0.189404,0.0153515,0.109042,0,0.088326,0,0,0,0,0,0,0.086787,0,0,0
#[v_choice,90]
%0.000121674,0.000799805,0.110529,0.0391118,0.157356,0.198887,0.119429,0.142637,0.12403,0.0751243,0.0032132,0.00135578,0.0120385,4.91565e-07,7.14869e-07,0.00300214,0.00623434,0.00131187,0.00164219,0.00317517,0
#[v_choice,91]
%7.76105e-05,0.0183974,0.0865339,0.0790433,0.0667441,0.149984,0.0750683,0.134764,0.124763,0.0786267,0.0621389,0.0834411,0.00543805,0.0140394,0.00154262,4.51184e-06,0.00245483,0.000877434,0.000464014,0.00335696,0.0122403
#[v_choice,92]
%0,0,0.0661589,0.0583231,0.0711917,0.181947,0.0198113,0.132156,0.195304,0.0166005,0.0621878,0.0437118,0.0371397,0.0145014,0.0333906,0.0199525,0.000500498,0,0,0.000932415,0.0461913
#[v_choice,93]
%0,0,0,0.00222639,0,0.336068,0.27789,0.0737792,0.0583843,0.144988,0.0660635,0.0127241,0.000915382,0.0172049,0.0016645,0,0.00270789,0,0.00108041,0.000926556,0.00337718
#[v_choice,94]
%0,0,0.104655,0.0613021,0.204877,0.100995,0.191713,0.154714,0.0862289,0.0210851,0.0386558,0.0162435,0.0109806,0.00119395,0.00039215,0,0,0.000998954,0.000712378,0,0.00525225
#[v_choice,95]
%0.00357945,0,9.38228e-07,0.0753175,0.221904,0.17659,0.119161,0.372607,0.0308379,2.2093e-06,3.68718e-23,0,4.20547e-24,0,1.01057e-26,0,0,0,0,0,0
#[v_choice,96]
%0,0,4.16416e-05,0.1513,0.119754,0.0655092,0.226843,0.141956,0.0704789,0.186099,0.0188612,0.000516534,0.00622435,0,0.00133522,0,0.00509451,0,4.93755e-05,0,0.00593708
#[v_choice,97]
%0.00266332,0.000749265,0.050052,0.0488367,0.218088,0.21978,0.124484,0.0616428,0.0841937,0.0940433,0.0212462,0.0449366,0.0139347,0.0066657,0.00340289,0,3.40327e-05,0.00400494,0,0,0.00124259
#[v_choice,98]
%0,2.00091e-05,0.261673,0.0583862,0.295784,0.175188,0.0531612,0.0942864,0,0.0390241,0.0116047,0.0108732,1.05247e-23,1.49737e-40,0,0,0,0,0,0,0
#[v_choice,99]
%0,0.01592,0.116015,0.0678398,0.165198,0.128558,0.0722376,0.150204,0.174827,0.0129829,0.0305428,0.0204941,0.00287487,0.0259621,0.00139334,0.00102487,8.60003e-06,0.00761789,0,0.000345487,0.00595265
#[v_choice,100]
%7.96418e-06,1.9817e-05,0.112897,0.0818457,0.0456991,0.216523,0.0767802,0.118824,0.0832308,0.0769791,0.0682956,0.077491,0.015121,0.00141392,0.00440451,0.00232398,0.00252346,0.00504855,0.00343475,0.000214632,0.00692169
#[v_choice,101]
%0.000473262,0.00102104,0.0129931,0.0550044,0.0548353,0.0919466,0.0991227,0.153014,0.175467,0.130822,0.0407815,0.0828505,0.061536,0.00885606,0.00527818,0.00993255,0.00148346,0.00193607,9.63276e-05,0.00273295,0.00981841
#[v_choice,102]
%0,2.35618e-05,0.0669948,0.0532588,0.194885,0.219495,0.0839489,0.124426,0.111873,0.0686749,0.0275911,0.0186865,0.00908674,0.00467955,0.00899986,0,0.00160169,0.00179478,0.00185985,0,0.00211987
#[v_choice,103]
%0,1.86213e-05,0.0920485,0.0647587,0.228952,0.0799033,0.151926,0.182205,0.0962215,0.0256851,0.0434294,0.0154922,0.0143633,0.00102738,0.000710722,0.000301165,0,0.000290118,0,0,0.00266743
#[v_choice,104]
%2.82649e-05,0,0.00283586,0.117239,0.0333892,0.0920139,0.176412,0.11799,0.0609127,0.095109,0.256516,0.0212625,0.0124009,0.00259044,0.00100288,0.00150891,0.00350724,0,0.00115763,0,0.00412292
#[v_choice,105]
%0.00183801,2.81042e-05,0.0609394,0.0378598,0.239245,0.21112,0.108301,0.105631,0.0700839,0.110909,0.0216103,0.0105064,0.0106329,0.00170587,0.000857236,0.000948739,0,0.000485769,0.000622912,0.000977344,0.00569778
#[v_choice,106]
%0.00088757,6.95577e-05,0.0325526,0.0670864,0.0689046,0.0550201,0.143521,0.143109,0.0696085,0.111989,0.0272617,0.163024,0.0537555,0.0100412,0.00514674,0.00717882,0.00979007,0.00879662,0.00325221,0.000703812,0.0183014
@j_5_del
$Dim[51,23]
#[j_choice,0]
%0.000955315,0.00404184,0.00747552,0.0217093,0.0181219,0.11339,0.0514458,0.0927208,0.215923,0.139388,0.0763606,0.0526741,0.183677,0.00769652,0.00364817,9.84232e-07,0.00213693,0.00206587,0.000169305,0.00123355,0.00445212,0.000189623,0.000524839
#[j_choice,1]
%0.00202872,0.000207087,0.0170306,0.00203901,0.0617401,0.0986786,0.112124,0.158266,0.191144,0.180892,0.0634685,0.0691501,0.0271286,0.00738021,5.01724e-05,0.00735859,0,0.000350634,9.04263e-08,0,0.00029959,0,0.000663161
#[j_choice,2]
%0.00307532,0.000380201,0.0117774,0.0294615,0.0304455,0.246532,0.104911,0.178574,0.218256,0.111246,0.0414458,0.000841718,0.00771713,0.001603,0.00369841,0,0.00227491,0,0.00235023,0.00283047,0,0,0.00257929
#[j_choice,3]
%0.000854324,0.00134662,0.000643286,0.0754926,0.0522891,0.0776004,0.136334,0.167628,0.168331,0.0538344,0.145393,0.0299072,0.0635463,0.00824389,5.72608e-22,0.00933831,0.0052157,0.00146497,0,0,0.00181724,0,0.000720032
#[j_choice,4]
%0.000761674,0.00104014,0.0131788,0.0170418,0.0420828,0.129542,0.090647,0.151412,0.105236,0.153028,0.0740304,0.112309,0.0284921,0.0179278,0.0151401,0.0371444,0.00291145,0.000328893,6.05243e-06,0.000863483,0.00278043,3.41859e-05,0.00406136
#[j_choice,5]
%0,0.000542618,0.0684426,0.124915,0.105869,0.130976,0.131337,0.227442,0.06392,0.0338173,0.0919069,0.00275814,0,0.0113773,0.00100068,0,0,0,0,0.00126951,0.000857991,0.000774066,0.00279432
#[j_choice,6]
%0,0.00575275,0.048545,0.044123,0.0302444,0.174666,0.192722,0.139393,0.0775904,0.189017,0.0275557,0.0266349,0.00865383,0.00396018,0.00990925,0.0067816,0.00471954,0.00355325,0.00277071,0,0.000685299,6.80467e-09,0.00272166
#[j_choice,7]
%0.0152892,0.000864526,0.0589745,0.0395695,0.00407914,0.118556,0.217671,0.244509,0.0959068,0.116236,0.00241526,0.0318602,0.0117186,0.0258813,0,0.00704526,6.98033e-05,0.00298812,2.23309e-06,0,0.00636425,0,0
#[j_choice,8]
%1.24846e-18,0.00874866,0.0659953,0.160652,0.0684166,0.118592,0.140683,0.172882,0.072402,0.0931675,0.044009,0.0150204,0.00907062,0.00695063,0.00845376,0.00409775,0.00314148,0.00490391,0.0016828,0,0,0.000168046,0.000962804
#[j_choice,9]
%0,4.03402e-05,0.0502295,0.266658,0.0717479,0.242735,0.0821436,0.127176,0.0122644,0.0500703,0.0275046,0.011983,0.0244164,0.00960766,0.00562251,0.00173186,0.00190063,0.00896173,0.000385795,0.00126676,0.00265116,9.7758e-05,0.000804805
#[j_choice,10]
%0.0144373,0.000168458,0.0258773,0.0800181,0.297605,0.0615476,0.137019,0.144691,0.123334,0.0223586,0.0595856,0.0117078,0.00693918,0.000226124,0.00517675,0.00218456,3.60485e-05,0.00108056,0.000101563,0.00297261,0.00204534,0,0.000888258
#[j_choice,11]
%3.39278e-06,0.00767697,0.0871458,0.0548227,0.100254,0.124357,0.15975,0.14304,0.0681657,0.15008,0.082364,0.0119797,0.00260178,0.00249626,1.4645e-45,0.000999461,0.00136817,0.000873213,0.000814234,0.000839367,8.98401e-06,0,0.0003598
#[j_choice,12]
%0.00108298,0.000132742,0.0089369,0.036209,0.168975,0.180495,0.127477,0.145366,0.272826,0.0129481,0.0126004,0.00368123,0.00611556,0.0102441,0.00758053,2.19105e-05,0.00340298,0.000397481,0.000827508,0,5.27122e-05,0,0.000626736
#[j_choice,13]
%0,0.000232558,0.00174976,0.0395492,0.019761,0.109024,0.0661824,0.0996056,0.0609294,0.212976,0.122157,0.0617382,0.105463,0.0263963,0.0231944,0.0133344,0.00964927,0.00248041,0.0192724,0.00257947,0,0.000727936,0.00299727
#[j_choice,14]
%0,0,3.04646e-05,0.0012166,0.486211,0.0557952,0.203307,0.119663,0.0447745,0.0143527,0.00679398,0.0222251,0.0336419,0.000249895,0.00306999,0.00447059,0.00127625,0.000391032,0.000774421,0.000466955,0.000529474,0,0.000759813
#[j_choice,15]
%0,0,0,0,0,0,0,0,0,0,0,0,0,0,0,0,0,0,0,0,0,0,0
#[j_choice,16]
%0,0.0104483,0.0370577,0.234504,0.0854987,0.200432,0.14801,0.144894,0.0253352,0.0543389,0.0264784,0.00436723,0.0197516,0.00118829,0.000839955,0.00200301,0.00228476,0.000972814,0,0.00116366,0,0.000431506,7.19625e-39
#[j_choice,17]
%0.000122422,0.000162376,0.00417974,0.0233368,0.030024,0.145778,0.152582,0.0935504,0.189687,0.101894,0.113121,0.0576088,0.0503867,0.0242516,0.00403952,0,0.000509035,0.00199486,0.00192301,0.000212471,0.00179083,0.000127498,0.00271728
#[j_choice,18]
%1.89219e-05,0.00120205,0.0591341,0.0989208,0.0399462,0.208712,0.149167,0.138641,0.044636,0.155455,0.0584896,0.0179831,0.00731678,0.00598536,0.00717402,0.00138334,0.000300414,0.000937626,0,0.000456534,0,0.00159611,0.00254374
#[j_choice,19]
%1.02535e-42,0,0.146407,0.022149,0.0571901,0.149064,0.229202,0.040369,0.145813,0.102365,0.0378906,0.0247421,0.0400336,7.52614e-23,0.000167232,0.00121809,0,0.000308771,0.000946611,0.00114413,0.000585194,0,0.000405128
#[j_choice,20]
%0.00024208,3.3036e-05,0.0217084,0.0681777,0.224692,0.157612,0.119677,0.0615768,0.207456,0.0411307,0.0284095,0.0111354,0.00678375,0.0257819,0.00690225,0.00617878,0.0008602,0.00109376,0.00362957,0.00100894,0.00187384,0.00042208,0.0036152
#[j_choice,21]
%1.26097e-06,0.0202674,0.11257,0.191814,0.106485,0.215809,0.0923439,0.128501,0.0320958,0.0761704,0.0164883,0,0.00496658,0,0.00154469,0.00094225,0,0,0,0,0,0,0
#[j_choice,22]
%0,0.00217277,0.0109207,0.0521783,0.0356735,0.125799,0.0476685,0.189368,0.102663,0.122198,0.089795,0.0982994,0.0621694,0.0301134,0.00868035,0.00644282,0.00190997,0.00372525,0.00692847,0.00198175,0,0.000658907,0.000653471
#[j_choice,23]
%0,0.00304187,0.0282856,0.0434463,0.0939143,0.139115,0.0798245,0.147108,0.184663,0.124593,0.0580346,0.0676198,0.0143591,0.00331677,0.00367006,0.00132299,0.00174409,0.000339532,0.00107853,0.00102708,0,0.000868893,0.0026282
#[j_choice,24]
%0,0.00318167,0.0816484,0.0724591,0.013827,0.196624,0.0471771,0.192126,0.0600218,0.156238,0.101186,0.026474,0.0339331,0.00186301,0.00341551,0.00397269,0.00128119,0.000824673,0,0,0.000581104,0.00123755,0.00192811
#[j_choice,25]
%0,0,0.340005,0,0.11644,0.207306,0,0.169582,0,0,0,0,0,0,0,0.00131615,0,0,0.165351,0,0,0,0
#[j_choice,26]
%0,0.00985657,0.0633998,0.0719532,0.14668,0.210831,0.127031,0.194997,0.0543934,0.0564071,0.0270665,0.0222355,0.00924652,4.43076e-05,0.000610663,0.00461556,0.000631152,0,0,0,0,0,0
#[j_choice,27]
%0,0,0,0,0,0,0,0,0,0,0,0,0,0,0,0,0,0,0,0,0,0,0
#[j_choice,28]
%0.000974287,0.00673001,0.026734,0.135354,0.055559,0.203168,0.0928859,0.131054,0.0877664,0.157338,0.0198929,0.0133414,0.0146626,0.00992316,0.0167281,0.00634421,0.00235767,0.014082,0.00345184,0.000524796,0.0002902,0,0.000837841
#[j_choice,29]
%0.00198759,0.000514661,0.0528597,0.106445,0.0295105,0.125312,0.108656,0.0413829,0.0985726,0.173087,0.0943415,0.0616104,0.0592927,0.0215427,0.00999624,0.00115154,0.00414746,0,0,0,0.00373174,5.93189e-05,0.00579887
#[j_choice,30]
%0,0,0,0,0,0.335018,0.107872,0.182452,0.0815835,0.20893,0.0448745,0.0267127,0.00406327,0.00155352,0.00376637,0,0,0.000382987,0,0.000780152,0.000738111,0.00036387,0.000908807
#[j_choice,31]
%0.000266935,1.72405e-05,0.0160658,0.00239558,0.0157424,0.0461679,0.0992205,0.135004,0.0754131,0.233061,0.191184,0.0420527,0.117088,0.0196686,0.00216395,0.00256557,0.000860202,0,0.000528175,0,0,0.000533879,0
#[j_choice,32]
%0,0,0,0,0.98683,1.33437e-16,0.00527387,0.00287069,0,0.0029369,0,0.00104899,0,0.00103963,0,0,0,0,0,0,0,0,0
#[j_choice,33]
%0.000720629,0.00332237,0.00369156,0.112574,0.146557,0.29434,0.0359721,0.213822,0.0765419,0.0425425,0.0213997,0.00942146,0.00773205,0.0103338,0.00998105,0.000764749,0.000505524,0.000916268,0.00130607,0.00320493,3.38321e-09,2.55703e-10,0.00434936
#[j_choice,34]
%0,0.00384684,0.00833988,0.00692621,0.0709066,0.209256,0.111551,0.182186,0.112208,0.14344,0.058656,0.0533802,0.00603262,0.00793122,0.00385802,0.0100669,0.00411784,0,0.0041725,6.49705e-06,0.00116858,0,0.00194969
#[j_choice,35]
%0,0,0,0,0,0,0,0,0,0,0,0,0,0,0,0,0,0,0,0,0,0,0
#[j_choice,36]
%0,0.00413691,0.00306071,0.0591473,0.0467152,0.236646,0.0825739,0.156338,0.0882804,0.195993,0.0440756,0.0153382,0.0361259,0.00653306,0.00407087,0.014526,0.00271296,0,0.00188108,0,0.000947099,0,0.000897287
#[j_choice,37]
%0,0.0023304,0.0176784,0.0027197,0.0942422,0.0446552,0.145163,0.142949,0.134164,0.160728,0.119559,0.0422212,0.0642166,0.0051616,0.0120284,0.00408759,0.00131959,0,0.000977777,0.000739773,0,0,0.00505835
#[j_choice,38]
%7.821e-05,1.21287e-30,0.0326015,0.0430131,0.038485,0.0919828,0.0758748,0.0451957,0.186656,0.105513,0.0939768,0.254882,0.0190004,0.00304095,0.00367466,0,0.000567506,0.00241724,0,0,0,0,0.0030398
#[j_choice,39]
%0,0.000333765,3.05477e-06,9.59003e-08,0.0277746,0.200236,0.0659405,0.131499,0.109929,0.160609,0.0659118,0.0714321,0.0401687,0.108192,0.00151826,0.00338227,0.00017066,0.00364502,0.00138278,0.000643358,0.00224368,0.00185172,0.00313274
#[j_choice,40]
%1.28091e-06,0.00203705,0.0892146,0.0682052,0.170947,0.177415,0.172037,0.172856,0.0745644,0.0330233,0.0156111,0.0042528,0.0116508,0.00144372,3.29517e-06,0,0.00262774,0,1.13894e-05,0.00129399,0.000663682,0.000134361,0.00200628
#[j_choice,41]
%0,0,0,0,0,0,0,0,0,0,0,0,0,0,0,0,0,0,0,0,0,0,0
#[j_choice,42]
%0,0,0,0,0,0,0,0,0,0,0,0,0,0,0,0,0,0,0,0,0,0,0
#[j_choice,43]
%0,0,0,0,0.578544,0.0849133,0.1489,0.0478292,0.0422382,0.0265625,0.0611211,0.000335261,0.00203032,0.000880407,0.00226354,0,0,0,0,0,0.00342652,0,0.000955214
#[j_choice,44]
%0,0.0117636,0.0459002,0.175182,0.119227,0.135647,0.169,0.251543,0.046535,0.0278115,0.00292333,0.000195399,0.00266196,0.00308913,0.000647385,0.001571,0.00270714,0.00131392,0.000649175,0,0.000471518,0.00052615,0.000634931
#[j_choice,45]
%0.00057296,0.000604107,0.0100381,0.0151285,0.0159481,0.168997,0.0886981,0.16668,0.177172,0.1539,0.0868007,0.0485839,0.039165,0.00329792,0.0147632,0.00825789,0,0.000130163,0.000575646,0,0,0,0.00068776
#[j_choice,46]
%0.00281589,0.000255492,0.0285876,0.0216702,0.160676,0.0962283,0.10667,0.109196,0.124941,0.055913,0.175051,0.0560037,0.0278665,0.0220454,0.00570843,0.00100897,0.00027139,0.00140313,0,0.000568192,0.000825177,0.000923784,0.00137042
#[j_choice,47]
%0,0,0.0417981,0.0674374,0.113593,0.167715,0.167067,0.154353,0.0375076,0.106732,0.0417172,0.0538038,0.0158687,0.0165221,0.0062384,0.000640663,2.66739e-07,0.00179278,0.000658366,0.00231313,0.000557058,0.000712696,0.00297138
#[j_choice,48]
%0,0,0,0,0,0,0,0,0,0,0,0,0,0,0,0,0,0,0,0,0,0,0
#[j_choice,49]
%0,0,0,0,0,0,0,0,0,0,0,0,0,0,0,0,0,0,0,0,0,0,0
#[j_choice,50]
%1.66683e-05,0.00723612,0.020828,0.0128991,0.0641854,0.107006,0.124519,0.13135,0.0979437,0.186837,0.0366372,0.147589,0.0108789,0.0137023,0.0115872,0.0105482,0.00393445,0.00802688,0.000347807,0.000584538,0.000827241,0.000558024,0.00195691
@vj_ins
$Dim[41]
#
%0.103181,0.161844,0.207034,0.188758,0.15877,0.0756328,0.0427578,0.0250034,0.0142976,0.00938,0.00566135,0.00267612,0.00171111,0.000754222,0.000683598,0.000176946,0.000308327,0.000105988,0.000195561,0.000136531,0.000204868,0.000105432,0.000621648,0,0,0,0,0,0,0,0,0,0,0,0,0,0,0,0,0,0
@vj_dinucl
$Dim[16]
#
%0.243606,0.199028,0.42194,0.135426,0.104033,0.492483,0.210021,0.193464,0.223845,0.14984,0.521376,0.104939,0.152567,0.374274,0.249141,0.224019
