@v_choice
$Dim[35]
#
%0.0440805,0.0454627,0.0457181,0.0955078,0.0544171,0,0,0,6.00962e-05,0,0,0.0608283,0.038777,0.028129,0.0625765,0,0.0324506,0.0232873,0.052524,0.0423377,0.0226563,0,0.0621995,0.031265,0.0102163,0.00509315,0.00776743,0.0665865,0,0.0894231,0,0,0.0321364,0.00172776,0.0447716
@j_choice
$Dim[14]
#
%0.0652945,0.0862079,0.0689002,0.079988,0.0452374,0.0469952,0,0.106836,0.060607,0.0878155,0.0728365,0.109029,0,0.170252
@d_gene
$Dim[14,2]
#[j_choice,0]
%0.997119,0.00288075
#[j_choice,1]
%0.991182,0.00881843
#[j_choice,2]
%0.999812,0.000187606
#[j_choice,3]
%0.999621,0.000378589
#[j_choice,4]
%0.997135,0.00286515
#[j_choice,5]
%0.993902,0.00609815
#[j_choice,6]
%0,0
#[j_choice,7]
%0.502666,0.497334
#[j_choice,8]
%0.620184,0.379816
#[j_choice,9]
%0.54569,0.45431
#[j_choice,10]
%0.522695,0.477305
#[j_choice,11]
%0.528208,0.471792
#[j_choice,12]
%0,0
#[j_choice,13]
%0.510279,0.489721
@v_3_del
$Dim[35,21]
#[v_choice,0]
%0.00340126,0,0.00445329,0.202665,0.100679,0.105568,0.09589,0.153241,0.172189,0.0608432,0.0474928,0.0214192,0.00942329,0.00831375,0.00727572,0,0.00714554,0,0,0,0
#[v_choice,1]
%0.000635069,0,0,0.206808,0.286355,0.0721244,0.119613,0.119197,0.113117,0.0438474,0.0211619,0.00586552,0,0,0.0112749,0,0,0,0,0,0
#[v_choice,2]
%0.000491781,0.00181292,0.0057468,0.00624803,0,0.0904399,0.181904,0.110119,0.302395,0,0,0,0.286702,0,0,0.00922144,0.00491829,2.68671e-07,0,0,0
#[v_choice,3]
%0,0,0.00062766,0.0767572,0,0,0,0.483983,0.141479,0.214888,0,0,0.0620354,0,0.0202305,0,0,0,0,0,0
#[v_choice,4]
%0,0,0,0.156691,0.168349,0.0797576,0.135678,0.097636,0.254066,0.0597495,0.0266417,0.0058192,0.00776092,0,0.00393553,0,0.00391518,0,0,0,0
#[v_choice,5]
%0,0,0,0,0,0,0,0,0,0,0,0,0,0,0,0,0,0,0,0,0
#[v_choice,6]
%0,0,0,0,0,0,0,0,0,0,0,0,0,0,0,0,0,0,0,0,0
#[v_choice,7]
%0,0,0,0,0,0,0,0,0,0,0,0,0,0,0,0,0,0,0,0,0
#[v_choice,8]
%0,0,0,0,0,0,0,0,0,0,0,0,1,4.51542e-40,0,0,0,0,0,0,0
#[v_choice,9]
%0,0,0,0,0,0,0,0,0,0,0,0,0,0,0,0,0,0,0,0,0
#[v_choice,10]
%0,0,0,0,0,0,0,0,0,0,0,0,0,0,0,0,0,0,0,0,0
#[v_choice,11]
%0,0,0.0481711,0.114455,0.0557558,0.144755,0.264176,0.106849,0.19814,0.0271978,0,0,0.0404994,0,0,0,0,0,0,0,0
#[v_choice,12]
%0,0,0.0377559,0.0255068,0.128473,0.144978,0.122736,0.199147,0.107007,0,0.157589,0.0383382,0,0.0384694,0,0,0,0,0,0,0
#[v_choice,13]
%0,0,0.0599948,0.11073,0.0483861,0.165874,0.208526,0.12732,0.21184,0.0217056,0,0,0.0456233,0,0,0,0,0,0,0,0
#[v_choice,14]
%0,0,0.0404554,0.0929484,0.11489,0.148585,0.151414,0.186185,0.0618497,0.123993,0.0397667,0,0,0.028227,0,0.0059895,0.00569605,0,0,0,0
#[v_choice,15]
%0,0,0,0,0,0,0,0,0,0,0,0,0,0,0,0,0,0,0,0,0
#[v_choice,16]
%0,0,0.013493,0.0141545,0.0694388,0.13569,0.145864,0.151827,0.133003,0.137974,0.101681,0.0433442,0,0.0535305,0,0,0,0,0,0,0
#[v_choice,17]
%0,0,0,0,0,0,0.375833,0.0632249,0.177508,0.291458,0,0.0919762,0,0,0,0,0,0,0,0,0
#[v_choice,18]
%0,0.00084826,0.00565609,0.00998425,0,0.0265159,0.153617,0.148538,0.116794,0.190706,0.256351,0.0508732,0.0171078,0,0,0,0.0230098,3.50622e-13,0,0,0
#[v_choice,19]
%0,0,0,0.0970467,0.0471845,0.136529,0.108683,0.111485,0.150822,0.243184,0.0621675,0.014059,0.0127975,0.00396418,0.00216228,0.00991481,0,0,0,0,0
#[v_choice,20]
%0.00217855,0,0.0134866,0.111089,0.0336499,0.0730746,0.136611,0.190088,0.0589571,0.135468,0.136231,0.0383077,0.0260935,0,0,0.0265107,0.0182556,0,0,0,0
#[v_choice,21]
%0,0,0,0,0,0,0,0,0,0,0,0,0,0,0,0,0,0,0,0,0
#[v_choice,22]
%0.000747034,0,0.00567357,0,0.0214415,0.165625,0.215114,0.044686,0.200713,0.140387,0.11009,0.0332191,0.0173855,0.0247978,0.0201218,0,0,0,0,0,0
#[v_choice,23]
%0,0,0.0267213,0.105106,0.0974644,0.146424,0.101743,0.180861,0.0629872,0.114878,0.103591,0.0363817,0.00569289,0.00590471,0.0122448,0,0,0,0,0,0
#[v_choice,24]
%0,0,0,0.116643,0.0856657,0.0821659,0.186012,0,0.241868,0.0681135,0.169876,0,0.0294311,0,0,0.0202252,0,0,0,0,0
#[v_choice,25]
%0,0,0,0,0,0,0,0.581051,0,0.252056,0.0643982,0.0535184,0,0.0307356,0,0.0182406,0,0,0,0,0
#[v_choice,26]
%0,0,0.0232685,0.133949,0.123075,0.0769417,0.173807,0.109229,0.149439,0.0616306,0.0774326,0.0294983,0.0242091,0.00698655,0.00123525,0.00929862,0,0,0,0,0
#[v_choice,27]
%0,0,0.024951,0.0718322,0.0535784,0.137176,0.102202,0.148732,0.20148,0.0699723,0.107573,0.0333737,0.0491278,0,0,0,0,0,0,0,0
#[v_choice,28]
%0,0,0,0,0,0,0,0,0,0,0,0,0,0,0,0,0,0,0,0,0
#[v_choice,29]
%0,0,0.0126589,0.0318555,0.0155451,0.0649946,0.173733,0.139463,0.225301,0.0953625,0.163361,0.0409581,0.0242728,0,0.0124943,0,0,0,0,0,0
#[v_choice,30]
%0,0,0,0,0,0,0,0,0,0,0,0,0,0,0,0,0,0,0,0,0
#[v_choice,31]
%0,0,0,0,0,0,0,0,0,0,0,0,0,0,0,0,0,0,0,0,0
#[v_choice,32]
%0,0,0.00595564,0.0313345,0.00195532,0.0937671,0.126732,0.119178,0.145261,0.175973,0.299844,0,0,0,0,0,0,0,0,0,0
#[v_choice,33]
%0,0,0,0.109254,0,0.145814,0.0584098,0.250924,0.154981,0.0734826,0.109402,0,0.0602883,0.0374449,3.42813e-32,0,0,0,0,0,0
#[v_choice,34]
%0,0,0,0,0.318707,0.196514,0.0831123,0.20713,0.0519451,0.0602086,0.0239983,0.0305503,0.0164696,0,0.00507531,0.00144912,0.00484106,0,0,0,0
@d_5_del
$Dim[2,21]
#[d_gene,0]
%0.00443991,0.00443386,0.0705056,0.0164284,0.140053,0.0906201,0.155947,0.0959688,0.169171,0.096761,0.087753,0.0247263,0.00682286,0.00763863,0.0113982,0,0.0173326,0,0,0,0
#[d_gene,1]
%0.00078148,0.00142946,0.05656,0.0128693,0.0987743,0.0944285,0.174231,0.0908319,0.206283,0.128231,0.0792824,0.0403261,0.0114461,0.00269227,0.000404391,0.000366505,0.00106177,0,0,0,0
@d_3_del
$Dim[2,21,21]
#[d_gene,0],[d_5_del,0]
%0,0,0,0,0,0,0,0.13453,0,0,0,0,0,0,0,0,6.12119e-05,0,0,0.535937,0.329472
#[d_gene,0],[d_5_del,1]
%0,0,0,0,0,0,0,0,0,0,0,0,0,0,0,0,0.426178,1.2588e-30,0,0.573822,0
#[d_gene,0],[d_5_del,2]
%0,0,0.00844486,0,0.04579,0,0.105396,0.246428,0,0.0702919,0.434624,0.0415076,0.0222934,0.0230658,0,2.12298e-05,6.36703e-06,0,0.00213025,0,0
#[d_gene,0],[d_5_del,3]
%0,0,0,0,0.0128766,0,0.000211014,0.0620113,0,0.0398328,0.454611,0.0241894,0,0.392858,0,0,0,0.0134099,0,0,0
#[d_gene,0],[d_5_del,4]
%0,0,0.00828814,0,0.0495018,0,0.114004,0.213427,0,0.120851,0.370711,0.0719911,0.0508272,0,0,0,0.000398404,0,0,0,0
#[d_gene,0],[d_5_del,5]
%0,0,0.00463081,0,0.0614813,0.000134234,0.112957,0.209987,4.56776e-05,0.127353,0.356705,0.0605026,0.0189902,0.0472129,0,0,0,0,0,0,0
#[d_gene,0],[d_5_del,6]
%0,0,0.00795735,0,0.0599443,0.000181405,0.0831768,0.228234,0.00322846,0.170923,0.249095,0.044466,0.152793,0,0,0,0,0,0,0,0
#[d_gene,0],[d_5_del,7]
%0,0,0.0174889,0,0.0909881,0,0.148989,0.28035,0.0345061,0.0994699,0.215357,0.112852,0,0,0,0,0,0,0,0,0
#[d_gene,0],[d_5_del,8]
%0,0,0.0141855,0,0.0753824,0.000539211,0.109583,0.293239,0.00812841,0.0624454,0.436498,0,0,0,0,0,0,0,0,0,0
#[d_gene,0],[d_5_del,9]
%0,0.00140292,0.0141823,0,0.0788219,0.0325134,0.176022,0.356825,0.0254095,0.314823,1.19536e-09,0,0,0,0,0,0,0,0,0,0
#[d_gene,0],[d_5_del,10]
%0,0,0.0365596,0.010919,0.101329,0.194777,0.286352,0.0793541,0.290709,0,0,0,0,0,0,0,0,0,0,0,0
#[d_gene,0],[d_5_del,11]
%0,0.00062212,0.0492838,0.0150119,0.121545,0.487922,0,0.325616,0,0,0,0,0,0,0,0,0,0,0,0,0
#[d_gene,0],[d_5_del,12]
%0,0,0.0208072,0,0.599322,0,0.379871,0,0,0,0,0,0,0,0,0,0,0,0,0,0
#[d_gene,0],[d_5_del,13]
%0,0,0,0,0.744738,0.255262,0,0,0,0,0,0,0,0,0,0,0,0,0,0,0
#[d_gene,0],[d_5_del,14]
%0,0,0,0,1,0,0,0,0,0,0,0,0,0,0,0,0,0,0,0,0
#[d_gene,0],[d_5_del,15]
%0,0,0,0,0,0,0,0,0,0,0,0,0,0,0,0,0,0,0,0,0
#[d_gene,0],[d_5_del,16]
%0,0,0,0,1,0,0,0,0,0,0,0,0,0,0,0,0,0,0,0,0
#[d_gene,0],[d_5_del,17]
%0,0,0,0,0,0,0,0,0,0,0,0,0,0,0,0,0,0,0,0,0
#[d_gene,0],[d_5_del,18]
%0,0,0,0,0,0,0,0,0,0,0,0,0,0,0,0,0,0,0,0,0
#[d_gene,0],[d_5_del,19]
%0,0,0,0,0,0,0,0,0,0,0,0,0,0,0,0,0,0,0,0,0
#[d_gene,0],[d_5_del,20]
%0,0,0,0,0,0,0,0,0,0,0,0,0,0,0,0,0,0,0,0,0
#[d_gene,1],[d_5_del,0]
%0,0,0,0,0,0,0,0,0.970596,0.0266622,0,0,0,0,0,0,0,0,0,0.00274156,0
#[d_gene,1],[d_5_del,1]
%0,0,0,0,0,0,0,0,0,0,0,0,0.625079,0,0,0,0,0.374921,0,1.51208e-24,0
#[d_gene,1],[d_5_del,2]
%0,0,0.0477391,0.0252261,0.0555425,0,0.187446,0.17551,0.183244,0.148562,0.046289,0.0390618,0.0435218,0.0189527,0.0105281,0.0130579,0,0.00531927,0,0,2.14071e-19
#[d_gene,1],[d_5_del,3]
%0,0,1.38186e-12,0,0,0,0,0.273958,0.0575519,0,0.130742,0,0.179465,0,0,0.358282,0,0,0,0,0
#[d_gene,1],[d_5_del,4]
%0,0,0.050005,0,0.0810205,0,0,0.346587,0.198609,0.162527,0.0283676,0.0348562,0.0650536,0.023899,0.00907407,0,0,0,2.37328e-38,0,0
#[d_gene,1],[d_5_del,5]
%0,0,0.0400451,0.0103521,0.0537889,0,0.265675,0.189424,0.187257,0.100198,0.0582222,0.0318855,0.0384653,0.0245669,0.000119855,2.01517e-36,0,0,0,0,0
#[d_gene,1],[d_5_del,6]
%0,0,0.0549408,0.0135603,0.0738061,0,0.247129,0.199024,0.130469,0.115709,0.0655703,0.0208845,0.0239767,0.00428662,0.0506442,0,0,0,0,0,0
#[d_gene,1],[d_5_del,7]
%0,0,0.059256,0.0250823,0.0639427,0,0.201999,0.213872,0.211543,0.102835,0.0645195,0.0271231,0,0.0298269,0,0,0,0,0,0,0
#[d_gene,1],[d_5_del,8]
%0,0,0.0447472,0.0153053,0.0739159,0.0243512,0.204944,0.203537,0.116875,0.088017,0.0192881,0,0.20902,0,0,0,0,0,0,0,0
#[d_gene,1],[d_5_del,9]
%0,0,0.0391304,0.0129181,0.0668553,0.0674127,0.189799,0.13802,0.130361,0.126623,0.0507735,0.0422189,0.135888,0,0,0,0,0,0,0,0
#[d_gene,1],[d_5_del,10]
%0,0,0.117926,0.0575393,0.225124,0,0,0.439845,0.148031,0,0.0115352,0,0,0,0,0,0,0,0,0,0
#[d_gene,1],[d_5_del,11]
%0,0.0131959,0.195458,0.0279673,0.393177,0,0.280706,0.089495,0,2.58419e-42,0,0,0,0,0,0,0,0,0,0,0
#[d_gene,1],[d_5_del,12]
%0,0,0.0254916,0,0.000179206,0.7874,0.186929,0,0,0,0,0,0,0,0,0,0,0,0,0,0
#[d_gene,1],[d_5_del,13]
%0,0,0.223612,0,5.902e-05,0.776329,0,0,0,0,0,0,0,0,0,0,0,0,0,0,0
#[d_gene,1],[d_5_del,14]
%0,0,0.435777,0,0.564223,0,0,0,0,0,0,0,0,0,0,0,0,0,0,0,0
#[d_gene,1],[d_5_del,15]
%0,0,0,0,1,0,0,0,0,0,0,0,0,0,0,0,0,0,0,0,0
#[d_gene,1],[d_5_del,16]
%0,0,0,0,1,0,0,0,0,0,0,0,0,0,0,0,0,0,0,0,0
#[d_gene,1],[d_5_del,17]
%0,0,0,0,0,0,0,0,0,0,0,0,0,0,0,0,0,0,0,0,0
#[d_gene,1],[d_5_del,18]
%0,0,0,0,0,0,0,0,0,0,0,0,0,0,0,0,0,0,0,0,0
#[d_gene,1],[d_5_del,19]
%0,0,0,0,0,0,0,0,0,0,0,0,0,0,0,0,0,0,0,0,0
#[d_gene,1],[d_5_del,20]
%0,0,0,0,0,0,0,0,0,0,0,0,0,0,0,0,0,0,0,0,0
@j_5_del
$Dim[14,23]
#[j_choice,0]
%0,0,0,0,0.449683,0.163128,0.167593,0.0514966,0.0526477,0.0420389,0.0351876,0.0382255,4.99865e-43,0,0,0,0,0,0,0,0,0,0
#[j_choice,1]
%0,0,0.0609534,0.0338345,0.236787,0.123445,0.148331,0.16498,0.158683,0.036398,0.0286878,0.00373665,0.00141445,0.00274853,3.52129e-19,1.04124e-45,0,0,0,0,0,0,0
#[j_choice,2]
%0,0,0.0910071,0.142498,0.329237,0.0564995,0.138916,0.101844,0.0841755,0.00889399,0.0135684,0.0112723,0.0117624,0.00479678,0.00203251,0.00349692,0,0,0,0,0,0,0
#[j_choice,3]
%0,0,0.0280368,0.0530911,0.18151,0.0728354,0.0612027,0.145458,0.162243,0.0528773,0.085513,0.13622,0.0101222,0,0.00355461,0.00199931,0.00533563,0,5.12238e-35,0,0,0,0
#[j_choice,4]
%0,0,0.0531184,0.112878,0.107242,0.0615711,0.154254,0.187406,0.0708406,0.0594962,0.0608771,0.051153,0.0176443,0.0595134,0.00325545,0,0,0.000750639,0,0,0,0,0
#[j_choice,5]
%0,0,0.0524602,0.0139385,0.150447,0.034266,0.0246227,0.102426,0.133284,0.124734,0.0577453,0.168347,0.0627828,0.0214701,0.0356602,0.0178155,0,0,0,0,0,0,0
#[j_choice,6]
%0,0,0,0,0,0,0,0,0,0,0,0,0,0,0,0,0,0,0,0,0,0,0
#[j_choice,7]
%0.000112337,0.0013877,0.0129958,0.0134489,0.0826859,0.15939,0.06682,0.20672,0.120197,0.0729258,0.0954653,0.13238,0.0144453,0.0104127,0.00217993,0.00843311,4.25042e-28,1.56699e-43,0,1.51675e-53,0,0,0
#[j_choice,8]
%0,0,0.0143455,0.0248773,0.181352,0.129521,0.137169,0.163492,0.220148,0.0344996,0.0640201,0.0222756,0.00276496,0,0.00474721,0,0,0,0,0,0,0.000246512,0.000540631
#[j_choice,9]
%0,0.000204805,0.151945,0.170968,0.080776,0.205063,0.133388,0.106014,0.0565869,0.0314745,0.032823,0.0105405,0.00763336,0.00787848,0.0047046,0,0,0,0,0,0,0,0
#[j_choice,10]
%0,0,0.0681509,0.128579,0.123369,0.132326,0.109632,0.11002,0.0960781,0.072104,0.0614871,0.0500809,0.0348698,0.00103174,0.0122717,0,0,0,0,0,0,0,0
#[j_choice,11]
%0,0,0.0486917,0.0815332,0.0294182,0.0791879,0.16764,0.151594,0.121054,0.104159,0.149242,0.0290109,0.0285034,0.000193175,0.00963311,0,0,0,0,0,0,0.000139505,0
#[j_choice,12]
%0,0,0,0,0,0,0,0,0,0,0,0,0,0,0,0,0,0,0,0,0,0,0
#[j_choice,13]
%0,0.00630766,0.0787695,0,0.107087,0.0218296,0.0412161,0.118775,0.267889,0.0679552,0.122328,0.159541,0.00810228,2.66913e-45,0,0,0,0.000198625,2.25644e-51,0,0,0,0
@vd_ins
$Dim[31]
#
%0.135269,0.227082,0.2496,0.172939,0.107273,0.0565977,0.0237066,0.0150426,0.00594776,0.00271313,0.00164891,0.000528458,0.0016505,0,0,0,0,0,0,0,0,0,0,0,0,0,0,0,0,0,0
@vd_dinucl
$Dim[16]
#
%0.30758,0.186172,0.390283,0.115964,0.14721,0.546833,0.133969,0.171989,0.224978,0.264764,0.366087,0.144171,0.168482,0.441411,0.164302,0.225806
@dj_ins
$Dim[31]
#
%0.0891837,0.261946,0.247084,0.160598,0.120148,0.0633215,0.0279404,0.0159123,0.00757723,0.00134444,0.00229433,0.00264925,0,0,0,0,0,0,0,0,0,0,0,0,0,0,0,0,0,0,0
@dj_dinucl
$Dim[16]
#
%0.299712,0.109138,0.474378,0.116772,0.257575,0.243656,0.281024,0.217745,0.231679,0.0840531,0.58892,0.0953481,0.24683,0.204642,0.281956,0.266572
