@v_choice
$Dim[103]
#
%0.0138385,0.00289564,0.0135471,0,0.0256504,0,0.01465,0.0140995,0.0029977,0.00242544,0.00279943,0.00877018,0.00842475,0.0654412,0.0628822,0,0.0497209,0.0272059,0.0132564,0.0106541,0.00159853,0.000501185,0.0199635,0.0300893,4.79893e-05,0.0782225,0.0032015,0.00178938,0.0204851,0.000850113,0.000449429,0.000938277,0.0321689,0.00416673,0.0152366,0.0113345,0.0111445,0.0109148,0.000846511,0.00911713,0,0.0250024,0.0204986,0.0111999,0.00304566,0.00398311,0,0.0551092,0.000926558,0.0001836,0.0317682,0.0193402,0.00093579,0.00495873,0.00046998,0.000306005,0,0.00175161,0.021759,0.00170777,0.0143488,0,0,0,0.0053446,0.0015019,0.00261818,0.00061306,0.0331126,0.00739034,0.0423985,0.00189558,0.0103417,0.0136049,0.0142032,0.000509282,0.000737577,0.00108407,0.000603859,0,2.39946e-05,0.00635858,0,0.00226222,0.000161212,0.00347374,0.00365934,0,0.000353376,0.000436563,0.000491667,0.000324449,0.000324756,0.000486988,1.754e-05,0.00153361,0.00180813,0.000142947,0.000289234,0.0295581,0.000797398,0.000959732,0.000956241
@j_choice
$Dim[103,68]
#[v_choice,0]
%0,0.0300447,0.0170582,0.0131894,0.0155408,0.0140864,0,0.0381701,0,0.028684,0.0291832,0.0137893,0,0,0.030527,0.00995399,0.0312756,0.0937778,0,0,0.0330848,0,0.0242747,0.0438923,0.0070066,0.0260086,0.00693561,0.0676032,0.0452445,0,0.046363,0.0602197,0.0119745,0.00658997,0.0141287,0.00149444,0.0252196,0.0121373,0.00633833,0.0163287,0.00930653,0.0121373,0.0149302,0.0170214,0.0104034,0,0,0.000933446,0,0,0.0017339,0.0189092,0,0,0,2.51328e-13,0,0,0,0,0,0,0.033484,0,0,0.00183186,0.0294031,0.0297809
#[v_choice,1]
%0,0.0221436,0.0262017,0.0115449,0.0251922,0.0735248,0,0.00817954,0,0,0.0263112,0.000391512,0,0,0.0198467,0.0270073,0.0908392,0.0904587,0,0,0.0573403,0,0,0.0139513,0.00795175,0,0,0.0083778,0.115243,0,0.00216371,0.0124591,0.0504972,0.0347978,0.023629,0.0121066,0.0093824,0,0.0194277,0.0296953,0.0135286,0,0.00322544,0.00980464,0,0.0165729,0,0.0203984,0,0.0082865,0,0.0173558,0,0,0,0.00828647,0,0,0,0,0,0,0.0357077,0,0,0.00781836,0.000350114,0.0400006
#[v_choice,2]
%0,0.0389664,0.00531359,0.00885601,0.00886224,0.00707855,0,0.015939,0,0.0362335,0.0389557,0.0212544,0,0,0.0761599,0.0070848,0.0141696,0.0301082,0,0,0.0283377,0,0.00708479,0.026572,0.0177111,0.0318816,0.00354241,0.035424,0.0407352,4.82549e-07,0.0442793,0.0828316,0.0407377,0.0283392,0.0212544,2.79017e-08,0.0301102,0.0389665,0.0336528,0.0247953,0.026568,0.00708481,0.0070848,0.0123984,0.0141696,0.00531361,0,0.0017712,0,0.0017712,0,0.00177118,0.0017712,0,0,0,0,0,0,0.0017712,0,0,0.0325538,0,0,0.017712,0.0106272,0.0123934
#[v_choice,3]
%0,0,0,0,0,0,0,0,0,0,0,0,0,0,0,0,0,0,0,0,0,0,0,0,0,0,0,0,0,0,0,0,0,0,0,0,0,0,0,0,0,0,0,0,0,0,0,0,0,0,0,0,0,0,0,0,0,0,0,0,0,0,0,0,0,0,0,0
#[v_choice,4]
%0,0.0308698,0.0037418,0.00841904,0.00561538,0.00561002,0,0.0346116,0,0.0224508,0.0280635,0.0130963,0,0,0.0318053,0.0037418,0.0121608,0.0130963,0,0,0.0130963,0,0.0121608,0.0224508,0.0121608,0.0112254,0.0140371,0.0112254,0.0224508,0.00120527,0.0175037,0.0308698,0.0224508,0.00935449,0.0177735,0.00869553,0.0268516,0.0336762,0.0420952,0.0645461,0.027128,0.0112254,0.0495788,0.027128,0.0318053,0.0589333,0.000935449,0.0121608,0,0.0495788,0.0074836,0.00467725,0.00935449,0,0.0130963,0.0121608,0.00280635,0,0.000935449,0.0018709,0,0,0.0336762,0,0,0.0140317,0.0149672,0.00935358
#[v_choice,5]
%0,0,0,0,0,0,0,0,0,0,0,0,0,0,0,0,0,0,0,0,0,0,0,0,0,0,0,0,0,0,0,0,0,0,0,0,0,0,0,0,0,0,0,0,0,0,0,0,0,0,0,0,0,0,0,0,0,0,0,0,0,0,0,0,0,0,0,0
#[v_choice,6]
%0,0.0199247,0.0197065,0.00927363,0.0162443,0.00937529,0,0.0196201,0,0.0171908,0.0208697,0.00727459,0,0,0.0265933,0.02571,0.0211882,0.0389679,0,0,0.0129777,0,0.0158777,0.0240201,0.0120606,0.0148229,0.0399436,0.0108207,0.0166045,0.00339867,0.0162933,0.010467,0.0171161,0.00631897,0.011292,0.00675983,0.0301753,0.0113886,0.0278116,0.0652523,0.0372151,0.00823036,0.0477629,0.0174821,0.0275464,0.0494482,0.000553015,0.0194224,0,0.0341805,0.0293101,0.0207551,0.00790041,0,0.00882129,0.0125164,0.00377751,0,0.00124943,0,0,0,0.035961,0,0,0.00128251,0.010153,0.0210916
#[v_choice,7]
%0,0.0286496,0.0169638,0.00908414,0.0151434,0.015768,0,0.0153518,0,0.0212795,0.0276678,0.00782987,0,0,0.0302297,0.0141295,0.0205296,0.03439,0,0,0.0171481,0,0.00902947,0.0158855,0.0112938,0.0152308,0.0452787,0.00917846,0.0201868,0.00332862,0.017063,0.00954595,0.0145499,0.0104471,0.0123073,0.00421022,0.0305948,0.0153957,0.0360704,0.0615406,0.029404,0.0101682,0.0439833,0.0192751,0.0292394,0.0405303,0.0011272,0.0206626,0,0.0189437,0.0359159,0.0192779,0.00710737,0,0.0112593,0.0176274,0.00457794,0,0.000403598,0,0,0,0.0375144,0,0,0.00377282,0.0115741,0.0223336
#[v_choice,8]
%0,0.0141149,0.0240135,1.03464e-05,0.0160206,0.000145887,0,6.94256e-06,0,0.0104351,7.23615e-07,0.0108725,0,0,0.0213831,0.0596358,0.0127912,0.0675712,0,0,0.00975056,0,5.09055e-12,0.0160099,6.41557e-08,0,3.92812e-06,0.00886846,4.45088e-06,0.00955026,2.00073e-07,3.52266e-05,0,5.45266e-11,0,3.6617e-10,0.019266,0,0.0590698,0.0295329,0.000228765,0.00532014,0.123996,0.0158394,0.0143105,0.0758744,0,3.37846e-06,0,0.0141726,0.161097,0.0247422,1.77161e-15,0,0.0230556,0.0316254,0.0102391,0,0.00800436,7.44373e-11,0.0159463,0,0.0199064,0,0,5.49218e-06,0.0212258,0.0453138
#[v_choice,9]
%0,0.0237724,0,1.62344e-05,0,0.0305018,0,0.0244825,0,0.00448734,0.0272148,0.015452,0,0,0.0119818,0.00321701,0.0368755,0.014508,0,0,0.0176391,0,0.0131628,0,0.0384783,0.0297398,0.000993392,0.0282885,0.0563813,0,0.00133899,0.0329867,0,0,0.0246332,0.0087627,0.0334232,0.0173279,0.000637397,0.0819311,0.000117397,0.00438102,0.0366737,0.0397225,0.0218881,0.0633487,0,0.0343563,0,0.121961,0,0.014654,1.93506e-10,0,0.0453582,0.0184684,0.00242181,0,0,0.00734802,0,0,0,0,0,0.00735869,0.00370863,0
#[v_choice,10]
%0,0.0248586,0,0.0256963,0,0.00790701,0,0.00449634,0,0.0188319,0.0272801,0,0,0,0.0695511,0.00183906,0.0231327,0.000717305,0,0,0,0,0.0143094,0,0.0162499,4.95653e-18,0.089387,0.0260049,0.00263359,0.00164802,0.0469275,0.00568713,0,0.00859791,0.0204415,0.00859302,0.0365632,0,0.00894963,0.0513078,0.0852452,0.0158421,0.00601036,5.06291e-05,0,0,0,0.0217168,0,0.0059713,0.0160711,0.0293927,0.0429257,0,0.0241712,0.0250442,0.0298306,0,0,0.0279203,6.70861e-05,0,0.0228607,0,0,0.010762,0.0633998,0.0311074
#[v_choice,11]
%0,0.0281379,0.00951126,0.0101876,0.00505622,0.0107335,0,0.0157728,0,0.0196823,0.0258837,0.0130747,0,0,0.0241434,0.0219759,0.0394947,0.0155682,0,0,0.0133719,0,0.0021956,0.0188561,0.0184212,0.0154382,0.0429535,0.018353,0.0136134,7.7927e-17,0.0189117,0.0121341,0.0212901,0.00763713,0.00891714,0.00375101,0.04362,0.00748784,0.0242885,0.0299046,0.0216821,0.00423903,0.0297884,0.0127581,0.0151199,0.0210892,0.00171715,0.0146446,0,0.0332439,0.0444074,0.0098687,0.00809532,0,0.0288703,0.037636,0.0247071,0,0.00789571,0.022311,0.0103351,0,0.0336167,0.00119268,0.000543154,0.0139034,0.0218693,0.0200984
#[v_choice,12]
%0,0.0189365,0.0100355,0.0178733,0.00382837,0.0058475,0,0.0149091,0,0.0109697,0.0302096,0.0178247,0,0,0.0261411,0.0227208,0.0186278,0.0122974,0,0,0.0117095,0,0.00910682,0.0145475,0.0184601,0.0123923,0.0420689,0.0150678,0.0114415,0,0.0230313,0.015843,0.0148624,0.00629022,0.00780272,0.00305423,0.0503412,0.0100014,0.0218233,0.0344917,0.0344311,0.00710552,0.0233712,0.0151999,0.0127404,0.0210177,0.00106056,0.0103682,0,0.0257851,0.0619966,0.0125117,0.00863834,0,0.0317868,0.0498255,0.0226957,0,0.0117173,0.0251918,0.0148741,0,0.0215282,0.00160653,0.00228269,0.0197036,0.0159013,0.0161027
#[v_choice,13]
%0,0.0250984,0.0141927,0.0133953,0.0107852,0.00930141,0,0.0218298,0,0.0192316,0.0248214,0.0096181,0,0,0.0218451,0.0191272,0.025209,0.0241145,0,0,0.0114206,0,0.0117586,0.0141969,0.0112972,0.0137218,0.0330457,0.00953006,0.0103491,0.000351245,0.00689744,0.0121229,0.00976089,0.00661729,0.0137109,0.00547601,0.0303765,0.012767,0.0235091,0.0434519,0.0202432,0.00664041,0.0329114,0.0194649,0.0249507,0.0500441,0.00321391,0.0183311,0.000463418,0.0459123,0.0470541,0.0289746,0.0138865,0,0.0255867,0.0324623,0.0141867,0,0.00607194,0.00937233,0.00254324,0,0.0300981,0,0,0.0102368,0.0197402,0.01868
#[v_choice,14]
%0,0.0253936,0.0142298,0.0142965,0.0101549,0.00900699,0,0.0219267,0,0.0185254,0.0253003,0.00983268,0,0,0.0219109,0.0190157,0.0237531,0.0233649,0,0,0.0106278,0,0.0118025,0.0138439,0.0103748,0.012812,0.034294,0.0099243,0.0102167,0.000412833,0.00616197,0.0114233,0.00968408,0.0072319,0.0143497,0.0050755,0.0304949,0.0141872,0.0239949,0.0417802,0.0212884,0.00682626,0.0321443,0.0190457,0.0247842,0.0517093,0.00237901,0.0191474,0.000595987,0.0441812,0.0471894,0.0293729,0.0149301,0,0.0248855,0.0337565,0.0127098,0,0.00589154,0.00894371,0.0026954,0,0.0320194,0,0,0.0110967,0.0206672,0.0183363
#[v_choice,15]
%0,0,0,0,0,0,0,0,0,0,0,0,0,0,0,0,0,0,0,0,0,0,0,0,0,0,0,0,0,0,0,0,0,0,0,0,0,0,0,0,0,0,0,0,0,0,0,0,0,0,0,0,0,0,0,0,0,0,0,0,0,0,0,0,0,0,0,0
#[v_choice,16]
%0,0.0123283,0.014257,0.0150358,0.00582982,0.0116195,0,0.0205752,0,0.0305183,0.0264282,0.00853464,0,0,0.0497408,0.0222221,0.0211484,0.0418771,0,0,0.00697942,2.19582e-09,0.0208349,0.0153498,0.00726341,0.0188513,0.0138569,0.0146818,0.0153871,0.00124465,0.0117238,0.0147956,0.0122303,0.0103274,0.00982057,0.0101076,0.0253638,0.00927842,0.0271655,0.02023,0.0149783,0.00399405,0.0429217,0.0109052,0.0141241,0.0519856,0.000952877,0.0103499,0,0.023569,0.0641475,0.0203019,0.0142235,0,0.0152387,0.0403788,0.0105261,0,0.00360917,0.0220421,0.0138424,0,0.0267045,0,0.000482586,0.00335753,0.0174563,0.0283007
#[v_choice,17]
%0,0.0330329,0.0295079,0.0157371,0.0109941,0.00297799,0,0.0391281,0,0.0500611,0.0301952,0.0011596,0,0,0.0308059,0.0114232,0.0274969,0.0504691,0,0,0.0278149,0.00088196,0.00778471,0.0133993,0.00171891,0.0184657,0.0178916,0.0155022,0.0230328,0.0062328,0.0115187,0.00912032,0.0120448,0.00934867,0.00851105,0.00151072,0.0253867,0.0165576,0.0270838,0.0476992,0.0228979,0.00063823,0.00181593,0.0162305,0.0200492,0.0249392,2.24707e-05,0.0251829,0,0.0460041,0.0441648,0.0184605,0.00222824,0,0.0356515,0.0144009,0.0195691,0,0.0198629,0.00381446,0.00998055,0,0.0191066,0,0,0.0106212,0.00425766,0.00560585
#[v_choice,18]
%0,0.0253631,0.0108608,0.014486,0.0126714,0,0,0.0271737,0,0.0220675,0.0162921,0.00906007,0,0.00181004,0.028979,0.00904354,0.0416608,0.043463,0,0,0.0108676,0,0.00729085,0.0144863,0.00724601,0.0181137,0.0181049,0.0137576,0.00361712,0.00192213,0.0053218,0.0199266,0.0163004,0.00905993,0.0144847,0.0052999,0.0327426,0.00542728,0.0110336,0.0271732,0.0217361,0.00543444,0.0162949,0.0181148,0.0307965,0.0362287,0.00180959,0.00362091,0,0.0398556,0.0543351,0.0182061,0.00543106,0,0.0471009,0.0579677,0.0202447,0,0.0126782,0.0325054,0.010868,0,0.0145427,0,0.00181004,0.0126782,0.00909073,0.0235421
#[v_choice,19]
%0,0.0148591,0.0110735,0.0180102,0,0.0225202,0,0.0138177,0,0.0134865,0.0369165,0.00223989,0,0,0.0341637,0.0252376,0.0330218,0.0565758,0,0,0.00674731,0,0.0111965,0.0157577,0.00451761,0.0157489,0.0270203,0.0113036,0.0090123,0.00450116,0.00451214,0.0134928,0.0180047,0.00677069,0.0201827,0.00444749,0.0265,0.0168164,0.011208,0.016562,0.0180706,0.00610891,0.0237951,0.0202494,0.0179085,0.032363,0.00452122,0.004489,0.00225214,0.029235,0.0556552,0.0343256,0.00900798,0,0.0386417,0.043317,0.0198455,0,0.00677227,0.0329959,0.0106846,0,0.0209476,0,0,0.00448905,0.00904316,0.029057
#[v_choice,20]
%0,0.00585149,0.0312644,0,0,0,0,0.0277982,0,0,0.0241275,0,0,0,0.0273223,0.0720153,0.079874,0.0430362,0,0,0,0,0.0153916,0,0.0298837,0,0,0.0295809,0,0,0.014948,0,0,0.014835,0.045573,0,0.0186312,0.0380481,0.000284157,0.0245221,0.0295361,0.00428013,0.0214871,1.3732e-05,0.0305316,0.0542598,0.0149014,0.0151057,0,0,0.0941055,0.0263451,0,0,0.0423342,0.0111205,0.0327001,0,0.0148393,0.0200852,0.0037831,0,0.0104754,0,0,0,0.0147207,0.016388
#[v_choice,21]
%0,0,0,0,0,0,0,0,0,0.0392606,0,0,0,0,0.0478905,0,0,0,0,0,0,0,0.046687,0,0,0.0478697,0,0.115362,0,0,0,0,0,0,0,0,0,0,0.0435052,0,0,0,0.0479013,0,0,0,0,0,0,0.0957496,0,0.0452568,0,0,0,0,0.0394996,0,0,0.0982785,0.047853,0,0.0941492,0,0,0.0958671,0.0948697,0
#[v_choice,22]
%0,0.015625,0.00721154,0.00480769,0.00480957,0.00720966,0,0.0168269,0,0.015625,0.0240385,0.00600962,0,0,0.0264423,0.0168269,0.0192308,0.0252404,0,0,0.00961538,0,0.00360577,0.0228365,0.00600962,0.0216346,0.00721154,0.0120192,0.0252404,2.38638e-06,0.0288438,0.0192308,0.0144231,0.0132212,0.0168269,0.00690001,0.0387731,0.0108173,0.0204327,0.0372596,0.0144231,0.00240385,0.0348558,0.0204327,0.0120192,0.0384615,0,0.0108173,0,0.0384615,0.0264423,0.00721154,0.00480769,0,0.0336538,0.0757212,0.0264423,0,0.015625,0.0408654,0.0384615,0,0.0192308,0,0.00120192,0.00841346,0.00961538,0.015625
#[v_choice,23]
%0,0.0215311,0.0143541,0.0111643,0.00877919,0.00876467,0,0.0167464,0,0.0127592,0.0207337,0.00797448,0,0,0.0287081,0.0103668,0.0239234,0.0334928,0,0,0.00637959,0,0.00398724,0.0143541,0.0175439,0.0215311,0.0215311,0.0215311,0.0135566,0.00223327,0.00972846,0.0103668,0.0175439,0.00637959,0.023126,0.0046955,0.0327846,0.00877193,0.0199362,0.0207337,0.030303,0.00398724,0.0215311,0.0247209,0.0191388,0.0247209,0.0015949,0.0127592,0,0.0255183,0.0430622,0.0151515,0.00558214,0,0.0215311,0.0454545,0.0406699,0,0.0143541,0.0486443,0.0422648,0,0.0167464,0.000797448,0.00797448,0.00717703,0.0111643,0.0191388
#[v_choice,24]
%0,0,0,0,0,0,0,0,0,0,0,0,0,0,0,0,0,0,0,0,0,0,0,0,0,0,0,0,0,0,0,0,0,0,0,0,0,0,0,0,0,0,0,0.5,0,0,0,0,0,0,0,0,0,0,0,0,0,0,0,0.5,0,0,0,0,0,0,0,0
#[v_choice,25]
%0,0.0193251,0.0138037,0.00797546,0.00921073,0.00735368,0,0.0128834,0,0.0125767,0.0282208,0.0095092,0,0,0.0276073,0.0168712,0.0177914,0.0279141,0,0,0.0107362,0,0.0131902,0.0168712,0.0107362,0.0226994,0.0300613,0.0202454,0.0205521,0.00104215,0.0118413,0.0202454,0.0260736,0.0104294,0.0199386,0.00448145,0.0421443,0.0165644,0.0328221,0.0236196,0.0248466,0.0095092,0.0180982,0.0217791,0.0208589,0.0300614,0.00122699,0.0131902,0,0.0233129,0.0358896,0.0187116,0.00828221,0,0.015031,0.0352761,0.0312883,0,0.0162577,0.0288343,0.0208589,0,0.0193252,0.000613497,0.00245399,0.0101227,0.00981595,0.0190184
#[v_choice,26]
%0,0.0187295,0.0200493,0.0173616,0,0.0082556,0,0.0524198,0,0.0118821,0.0194774,0.00815517,0,0,0.0471056,0.0329094,0.0358423,0.0599584,0,0,0.0449688,0,4.68434e-20,8.1719e-12,0.00294172,0.0235824,0.0299792,0.0449688,0.0261871,0.00755617,0.0469367,0.0149896,0.030067,0,0.0285379,1.27325e-14,0.0937302,0.0299792,0.0544666,0.030871,0.00732203,4.57058e-08,1.30177e-10,0,0.0074948,0.013779,0.0074948,3.28411e-06,0,0.0299416,0.00961313,3.52229e-13,0,0,0.0074948,0.0074948,0,0,0,0,0,0,0.0224844,0,0,0.0074948,5.48299e-14,0.037474
#[v_choice,27]
%0,0.0201277,0.00435689,0.00916553,0,0.0254577,0,7.842e-05,0,0.0323788,0.00538,0.0390469,0,0,0.0498147,0.102033,0.0431478,0,0,0,0,0,0.0134095,0.0670474,0.0215557,0.0516734,0,0,0.0336036,0,0.0231883,0,0.0400714,0,0.00257869,0.0185853,0.0282669,0,0.076873,0.0654518,0.0271281,0.0134094,0.0804568,0,0,0.028985,0,0.0134036,0,6.72757e-05,0.00961942,0.0268189,0,0,0,0,0,0,0,0,0,0,0,0,0,0,0.0268189,0
#[v_choice,28]
%0,0.0158734,0.00351396,0.00585661,0.0140683,0.0105294,0,0.0115871,0,0.0124241,0.0200077,0.00586962,0,0,0.0316496,0.0216955,0.0184006,0.0292552,0,0,0.00937387,0,0.00705371,0.00778252,0.00702793,0.0199481,0.0257691,0.00681573,0.0210838,0.00818829,0.0289551,0.0137393,0.0199786,0.00823457,0.0208688,0.00296724,0.0460837,0.0122781,0.0210804,0.0301844,0.0192892,0.0140559,0.0468413,0.0220431,0.0139016,0.0222871,0,0.0136226,0,0.0221686,0.05376,0.0186529,0.00703779,0,0.029283,0.0432016,0.0143737,0,0.0176115,0.0449861,0.0280901,0,0.0270151,0,0.00117132,0.00255259,0.0105419,0.00936879
#[v_choice,29]
%0,0.0375828,0,0,0,0,0,0.0165248,0,0.0222125,0.00720524,0.00781876,0,0,0.0252092,0.0353505,0.0227501,0.0081198,0,0,0.008302,0,0.00791316,0.0995385,0,0.00757478,0,0.0372069,0,0.00823082,0.0358525,0.0780289,0.00740989,0.0175576,0.0348444,0.000889625,0.016285,0.0396292,0.0466839,0.021784,0.0300657,0,0,0.0170571,0.0089188,0.0168872,0,0.0106544,0,0.00840667,0.017208,0.00835223,0.0178491,0,0,0.038531,0.0413078,0,0.00761057,0.0617906,0.0253945,0,0.0167416,0,0,0.0147223,0,0.00799763
#[v_choice,30]
%0,0,0,0,0,0,0,0,0,0,0,0,0,0,0,0.100353,0.0486208,0.0534343,0,0,0.106748,0,0.05344,0,0,0,0.0533892,0,0,0,0,0,0,0,0,0.0506866,0.0792982,0,0.062037,0,0,0,0.107305,0,0,0,0,0,0,0,0,0,0,0,0,0.15513,0.000101854,0,0,0.0223553,0.0537085,0,0,0,0,0.053392,0,0
#[v_choice,31]
%0,0.054132,0,0,0,0,0,0.0389276,0,0.0155007,0.0169658,0.018205,0,0,0.027783,0.0344136,0.0146796,0.0188029,0,0,0.0179936,0,0.0178163,0.021205,0,0.017931,0,0.0220682,0,0.019199,0.0505509,0.0129338,0.0174153,0.00889408,0.0498431,0.00201978,3.1802e-05,0.00290779,0.00477965,0.0373035,0.037514,0,0,0.0403214,0.0208595,0.00957516,0,0.0253785,0,0.019846,0.0126194,0.0199328,0.00918581,0,0,0.0472188,0.0578779,0,0.0177667,0.0507835,0.0284565,0,0.00877296,0,0,0.0332221,0,0.0183658
#[v_choice,32]
%0,0.019845,0.0111884,0.0056021,0.00991365,0.00745212,0,0.0119322,0,0.0147899,0.0203875,0.0106065,0,0,0.0185289,0.0104417,0.0249024,0.0204185,0,0,0.00472026,0,0.0172136,0.0125223,0.0164253,0.0217834,0.0172445,0.0124261,0.019759,0,0.016685,0.0155831,0.0196004,0.00632981,0.016344,0.00723113,0.0332709,0.0133599,0.0391811,0.0314502,0.0203295,0.00716162,0.0298892,0.019869,0.0246705,0.0336956,0.00149179,0.0160079,0,0.0305167,0.0321697,0.00877237,0.0104425,0,0.0191725,0.0421985,0.0124828,0,0.0196131,0.05113,0.0516354,0,0.0223412,0.00223769,0.00446618,0.00639547,0.0124427,0.0137292
#[v_choice,33]
%0,0.0137881,0,0.00857706,0.0156532,0,0,1.6096e-05,0,0.00674714,0.0326708,0.021769,0,0,0.0181909,6.47107e-06,0.0438445,0.0554298,0,0,0.0153852,0,0.0398626,0.0300123,0.0286757,0.00458194,0.0281067,0.00196206,0.00869377,0.0057362,0.0151732,0.0351746,0.0156772,0.0202347,0.0119943,0.00571404,0.0673958,0.0221801,0.0245714,0.0220861,0.0273236,0.00229559,0.0110912,0.0596718,0.0110674,0.0509616,0,0.0261363,0,0.000495836,0.0165335,0.0244022,0,0,0.0134081,0.0370598,0.00728255,0,0.0213377,0.025635,0.00445656,0,0.0117925,0,7.09862e-05,0.0197278,0.00759208,0.00174687
#[v_choice,34]
%0,0.023622,0.00629921,0.00787402,0.00315286,0.00472116,0,0.0173228,0,0.0110236,0.023622,0.0141732,0,0,0.0362205,0.00787402,0.0141732,0.0220472,0,0,0.00944882,0,0.00787402,0.023622,0.00944882,0.0267717,0.0220472,0.0220472,0.00944882,0.00228605,0.013462,0.0204724,0.0283465,0.00787402,0.015748,0.00377848,0.0229932,0.00944882,0.0173228,0.0141732,0.0299213,0.00629921,0.0409449,0.0251969,0.0393701,0.0393701,0,0.0251969,0,0.0377953,0.0456693,0.0125984,0.0125984,0,0.023622,0.0330709,0.0204724,0,0.0141732,0.023622,0.0409449,0,0.015748,0.0015748,0.00472441,0.00314961,0.0125984,0.0125984
#[v_choice,35]
%0,1.06542e-05,0.0144071,0.00329716,0.00984193,0.00273152,0,0.0183525,0,0.0186067,0.04011,0.0114183,0,0,0.0187765,0.0391361,0.0252175,0.0208434,0,0,0.0111719,0.000947284,0.0102759,0.0189249,0.0181179,0.0113983,0.0208966,0.0312859,0.0179035,3.0651e-10,0.0109293,0.0160015,0.0294127,0.0136841,0.0148057,0.00685098,0.0351304,0.0240626,0.0308742,0.00784076,0.0290381,0.00235107,0.0312911,0.0234844,0.0181483,0.0444741,0.000143469,0.0137451,0,0.0264119,0.0470746,0.0124261,0.00489648,0,0.0183936,0.03178,0.0050673,0,0.00923098,0.0225065,0.0462126,0,0.00754935,1.05085e-05,0.0213709,0.00695475,0.0113671,0.012808
#[v_choice,36]
%0,0.0301317,0.00494956,8.28293e-07,0.0118132,0.00700769,0,0.00327791,0,0.0563599,0.000835509,0.00808181,0,0,0.0223685,0.0141816,0.0314807,0.0246288,0,0,0.00890685,0.000378591,0.0117382,0.0185035,0.00267927,0.0281745,0.0188939,0.00790677,0.018367,0.00655106,0.0435448,0.0666452,0.0250773,0.0014273,0.0431507,0,0.0918247,0.00931306,0.01343,0.0455,0.0274065,0.0148922,0.0234688,0.0328857,0.0374269,0.0148511,0.00191762,0.0103503,0,0.0423487,0.00500738,0.0115174,0.00223444,0,0.0197242,8.16165e-06,0.0248553,0,0.000329935,0.0159308,0.00567635,0,0.00885369,0.00860146,0.00681613,0,0.00480174,0.00296492
#[v_choice,37]
%0,0,0.0152825,0.00317028,0.00851671,0.00317644,0,0.0201478,0,0.0154626,0.0437,0.0106677,0,0,0.0192162,0.0304578,0.0252002,0.0193168,0,0,0.0122559,0.000828086,0.010094,0.0186117,0.0204355,0.0108315,0.0227606,0.0319836,0.0177517,0,0.0100458,0.0142612,0.0317854,0.012911,0.0131192,0.00937938,0.0313107,0.0204619,0.0311925,0.00694215,0.0262232,0.00213805,0.0315953,0.0211756,0.0156633,0.0481845,9.13828e-05,0.0147287,0,0.0238637,0.0534616,0.01051,0.00582399,0,0.0201154,0.0395353,0.00453311,0,0.00986238,0.021916,0.0429422,0,0.00826443,0,0.0236082,0.0081663,0.0118716,0.0144491
#[v_choice,38]
%0,0,0.0550963,0,0,0,0,0.0749247,0,0,0.022291,0,0,0,0,0.115406,0.0284458,0.026305,0,0,0.0286493,0,0.0312461,0,0.0538785,0.0737741,0,0,0.0265622,0,0,0,0,0,0.0282501,0.02865,0,0,0.0847255,0.000151148,0.0744146,0,0.0268525,0,0.0543902,0.0616576,0,0,0,0,0.0317012,0,0.0283441,0,0,0,0,0,0,0,0,0,0.0442839,0,0,0,0,0
#[v_choice,39]
%0,0.0105273,0.00526364,0.00526364,0.00526439,0.0105265,0,0.00263182,0,0.0105273,0.0236864,0.0131591,0,0,0.0394773,0.0184227,0.0394773,0.02895,0,0,0.00789545,0,0.00526364,0.0105273,0.00789546,0.0157909,0.0236864,0.02895,0.00789546,0.00267274,0.0315409,0.0131591,0.0552682,0.0131591,0.0184227,1.36322e-07,0.0578999,0.0342136,0.0315818,0.0105273,0.0394773,0.00526364,0.0289607,0.0236864,0.0342136,0.02895,0,0.00263182,0,0.0447409,0.0447409,0.0184227,0.0105273,0,0.0288481,0.0263182,0.0105273,0,0.00526364,0.00789546,0.0105273,0,0.0131591,0,0,0.00263182,0.0157909,0.00789546
#[v_choice,40]
%0,0,0,0,0,0,0,0,0,0,0,0,0,0,0,0,0,0,0,0,0,0,0,0,0,0,0,0,0,0,0,0,0,0,0,0,0,0,0,0,0,0,0,0,0,0,0,0,0,0,0,0,0,0,0,0,0,0,0,0,0,0,0,0,0,0,0,0
#[v_choice,41]
%0,0.00863724,0.0143954,0.00287908,0.00479879,0.00671753,0,0.00479846,0,0.0172745,0.0191939,0.0115163,0,0,0.0259117,0.0211132,0.012476,0.0211132,0,0,0.00959693,0,0.00671785,0.0172745,0.0230326,0.0172745,0.0201536,0.0143954,0.0182342,0.00102077,0.0143343,0.0201536,0.0239923,0.0143954,0.0230326,0.00742224,0.0664741,0.0182342,0.0287908,0.0163148,0.0355086,0.00767754,0.059501,0.0239923,0.0268714,0.037428,0.000959693,0.0211132,0,0.0412668,0.0326296,0.00287908,0.0105566,0,0.0403071,0.0422265,0.0211132,0,0.00383877,0.0153551,0.0105566,0,0.0105566,0,0,0.00383877,0.00863724,0.0115163
#[v_choice,42]
%0,0.00894805,0.0111869,0.00792006,0.00177903,0.00585498,0,0.0116663,0,0.0127706,0.0249239,0.00191154,0,0,0.0264956,0.0123279,0.00404017,0.0273359,0,0,0.00743597,0,0.0198993,0.023985,0.00933383,0.0212195,0.0120708,0.0155165,0.0128135,4.30859e-09,0.0220763,0.0263108,0.0140394,0.00986226,0.0196293,0.00660086,0.0778293,0.0157505,0.0319959,0.00854693,0.0449866,0.0145944,0.0407593,0.0221043,0.0264443,0.0410138,3.52223e-11,0.0132804,0,0.0517254,0.0391499,0.00437311,0.00873445,0,0.0275303,0.0557268,0.011043,0,0.00964046,0.0228947,0.0288015,0,0.0118472,7.07108e-12,0.00579288,0.0023411,0.00328859,0.00185065
#[v_choice,43]
%0,0.00668092,0.00734857,0.0126419,0.00618769,0,0,0.00766563,0,0.00637805,0.00365377,0.00884707,0,0,0.0437601,0.0218527,0.033311,0.0407973,0,0,0.00565582,0,1.38947e-19,0.00116688,0,0.0176546,0.00955324,0.0380094,0.0236807,0.00430542,0.000349926,0.0153097,0.0107251,0.000210159,0.0417815,0.000796814,0.0481768,0.00929417,0.0571288,0.0164929,0.00446093,0.0139941,0.029355,0.0378107,0.0534558,0.0332237,0.00504954,0.0165974,0,0.0585773,0.0470178,0.0155624,0.017447,0,0.0301481,0.0262038,0.0309787,0,0.0126807,0.0309865,0.0022676,0,0.000837416,0.00252013,0.000109563,0,0.00683542,0.024464
#[v_choice,44]
%0,0.00974733,0.000101747,0.0105022,0.0282835,0,0,0.0193447,0,0.0481601,1.59685e-05,0.0176273,0,0,0.0231541,0.0178695,0,0.00475907,0,0,0.0236939,0,0,0.054872,0.000205672,0.00497541,0.00968091,2.09074e-05,0,0.0078693,0.00762314,0.0108456,0,0.0195112,0.0136175,0.0152506,0.0793835,0.0410156,0,0,0.0432179,0,0.0431521,0.0115611,0.0587501,0.0193342,0.00506603,0.0386624,0,0.0430862,0.0284232,0,0.0346207,0,0.0662462,0.0327856,0.0165925,0,0.0302936,0.0313362,0.018407,0,0.00384529,0.00648922,0,0,0,0
#[v_choice,45]
%0,0.0180723,0.0060241,0,0.00602543,0.0120469,0,0.0060241,0,0,0.0060241,0.0060241,0,0,0.0060241,0.0120482,0.0120482,0.0240964,0,0,0.0060241,0,0.0180723,0.0120482,0.0180723,0,0,0.0120482,0.0120482,0,0,0.0180723,0.0120482,0.0060241,0.0240964,0,0.0481928,0.0060241,0.0421687,0,0.0301205,0,0.0542169,0.0361446,0.0301205,0.0843373,0.0120482,0.0240964,0,0.0361446,0.0060241,0,0.0120482,0,0.060241,0.0662651,0.0421687,0,0.0180723,0.0722892,0.0481928,0,0.0060241,0,0.0060241,0.0060241,0,0
#[v_choice,46]
%0,0,0,0,0,0,0,0,0,0,0,0,0,0,0,0,0,0,0,0,0,0,0,0,0,0,0,0,0,0,0,0,0,0,0,0,0,0,0,0,0,0,0,0,0,0,0,0,0,0,0,0,0,0,0,0,0,0,0,0,0,0,0,0,0,0,0,0
#[v_choice,47]
%0,0.0105127,0.00609561,0.00566021,0.00566523,0.00565025,0,0.00827265,0,0.0104315,0.0143682,0.0104149,0,0,0.0296382,0.0151696,0.0203922,0.0226328,0,0,0.0112759,0,0.0154066,0.0143406,0.0127547,0.0181238,0.0099081,0.0200284,0.0142465,0.00115563,0.0101648,0.0209794,0.0225744,0.0120156,0.0326337,0.00917645,0.0531093,0.0148036,0.0267346,0.0139328,0.0322406,0.00925739,0.0426693,0.0274303,0.0275296,0.0420485,0.000435401,0.0156744,0,0.0435401,0.0492003,0.0109364,0.0120806,0,0.0279122,0.0465855,0.0221271,0,0.0148036,0.0230763,0.0243825,0,0.0121912,0,0.0017416,0.0025755,0.00543765,0.00785472
#[v_choice,48]
%0,0.0191061,0,0,3.8954e-11,0.0261909,0,0,0,0.0269751,0,0.0279599,0,0,0.0240541,0.0300262,0.0301575,0.0004775,0,0,0.00264709,0,0.0418267,0.00164223,0.0441771,0.0355959,0.0322088,0,0,0,0,0.0211272,0.00395286,0.010448,0.00127357,0.0762979,0,0,0.119063,0,0.0764453,0.0968074,0,0,0.0717806,0.0110275,0,0,0,0,0,0.0228439,0.00657977,0,0.00856246,0.0329652,0.0564508,0,0,0,0,0,0,0,0,0.0280914,0.0132378,0
#[v_choice,49]
%0,0.276701,0,0,0,0,0,0.13068,0,0,0,0,0,0,0,0,0,0,0,0,0,0,0,0,0,0,0,0,0.0365501,0,0,0,0,0,0,0,0,0,0,0,0,0,0,0,0,0,0,0,0,0,0,0,0,0,0.334895,0.0957377,0,0,0,0,0,0,0,0,0,0,0,0.125436
#[v_choice,50]
%0,0.00471033,1.11082e-06,0.00179391,0.00151674,1.38011e-06,0,0.00700282,0,0.0140295,0.00999247,0.0103475,0,0,0.0237211,0.0133847,0.0142766,0.0157028,0,0,0.00356189,0,0.0125033,0.0109083,0.0142241,0.00676865,0.00518194,0.024402,0.0162488,2.83744e-05,0.0105923,0.0164766,0.00903317,0.0110117,0.0239112,0.0132507,0.0409512,0.019661,0.0407897,0.0120451,0.0318402,0.00519071,0.0510167,0.0354752,0.0236205,0.0718089,0.00106383,0.0188211,0,0.0663693,0.0423394,0.00620348,0.0100445,0,0.0339022,0.0722337,0.0378739,0,0.0140229,0.0378761,0.0234061,0,0.00771196,8.03026e-06,2.50022e-08,4.90761e-08,2.73854e-06,0.00113728
#[v_choice,51]
%0,0.0158354,0.00744214,0.0069786,0.00620061,0.00619365,0,0.00834773,0,0.00921227,0.0146029,0.00161311,0,0,0.0131435,0.0201967,0.0336164,0.016389,0,0,0.0177218,0,0.00923794,0.0217832,0.0237805,0.0323049,0.010098,0.00830301,0.000604198,0.00816451,0.0140911,0.0126366,0.0199006,0.000522121,0.00786858,1.8867e-05,0.053625,0.0185719,0.0372143,0.00502786,0.050674,0.0249716,0.0415067,0.0310561,0.0554911,0.0507765,0.00197454,0.0211922,0,0.0249698,0.0855358,0.00469809,0.00459211,0,0.0274365,0.0289875,0.00478403,0,0.0117045,0.0246309,0.0111795,0,0.00470158,0.00246813,0.0049626,0.0037219,0.00619881,0.0105385
#[v_choice,52]
%0,0,0,0,0.025641,0,0,0,0,0.025641,0,0.025641,0,0,0.025641,0.102564,0,0.0512821,0,0,0.025641,0,0,0,0.025641,0.0769231,0.0769231,0,0.025641,0,0.025641,0.025641,0.025641,0,0.025641,0,0.0512821,0.025641,0.0512821,0.0512821,0.025641,0,0.025641,0,0,0.025641,0,0,0,0,0,0.025641,0,0,0,0,0,0,0,0,0,0,0.0512821,0,0,0.025641,0.0512821,0
#[v_choice,53]
%0,0.0435498,0.00448475,0,0.00484093,0.00483684,0,0.00968609,0,0.00483886,0.0193555,0.0145166,0,0,0.0290332,0.00483886,0.0435552,0.0193555,0,0,0.00483886,0,0.00483886,0.0290332,0.00967777,0.0338278,0.0193555,0.0145175,0.00967773,0.00476879,0.0145867,0.0152928,0.0241943,0.00967773,0,0.00363452,0.0517284,0.00943002,0.0338722,0.0193555,0.0435498,0.00967773,0.048631,0.0387109,0.0134417,0.0743223,0,0.00964606,0,0.0629052,0.0483886,0,0.00483886,0,0.033764,0.0388337,0.00967773,0,0.00484295,0.0193555,0.00967773,0,0.00969124,0,0,0,0.00484478,0
#[v_choice,54]
%0,0,0.0372905,0,0,0.0376731,0,0.0367234,0,0,0,0,0,0,0,0,0.0358545,0,0,0,0,0,0,0,0.0398679,0.038374,0,0.0510453,0,0,0,0.0652473,0,0,0.0356165,0,0.0558217,0.00194874,0.0362905,0,0,0,2.09235e-05,0,0.165576,0.0891173,0,0,0,0,0,0,0,0,3.10391e-06,0.100814,0,0,0,0,0,0,0.101967,0,0,0,0.0362491,0.034499
#[v_choice,55]
%0,0,0.026878,0,0,0.0205514,0,0.0218751,0,0,0,0,0,0,0,0,0.0232573,0,0,0,0,0,0,0,0.0171805,0.0201923,0,0,0,0,0,0.0440368,0,0,0.0237107,0,0.0364867,0.00102105,0.0226724,0,0,0,0.231277,0,0.0767668,0.07018,0,0.0789258,0,0,0,0,0,0,0.158571,0,0,0,0.0783462,0,0,0,0,0,0,0,0.0226433,0.025427
#[v_choice,56]
%0,0,0,0,0,0,0,0,0,0,0,0,0,0,0,0,0,0,0,0,0,0,0,0,0,0,0,0,0,0,0,0,0,0,0,0,0,0,0,0,0,0,0,0,0,0,0,0,0,0,0,0,0,0,0,0,0,0,0,0,0,0,0,0,0,0,0,0
#[v_choice,57]
%0,0,0,0,0,0,0,0,0,0,0.0136986,0,0,0,0.0136986,0.0136986,0,0.0273973,0,0,0.0136986,0,0,0.0273973,0,0,0,0,0.0410959,0,0.0136986,0.0136986,0.0273973,0,0.0136986,9.01997e-08,0.0684931,0,0.0410959,0.0136986,0.0136986,0,0.0821918,0,0.0273973,0.0547945,0,0.0136986,0,0.0273973,0.0136986,0.0136986,0.0136986,0,0.109589,0.0958904,0.0273973,0,0.0410959,0.0684932,0.0136986,0,0.0136986,0,0,0,0,0.0273973
#[v_choice,58]
%0,0.00220549,0.00110275,0.00220549,0.00110295,0,0,0.00220549,0,0.00330824,0.0110275,0.00551373,0,0,0.0143357,0.013233,0.0117112,0.00996714,0,0,0.0108039,0,0.00771922,0.0109713,0.0187467,0.0242096,0.00110275,0.0242604,0.014128,0.00119203,0.0120456,0.0121302,0.0200872,0.00441673,0.012167,0.0056645,0.0442678,0.0250852,0.0252275,0.00220549,0.0420534,0.0130965,0.067848,0.0341851,0.0220549,0.0598348,0.00220549,0.0209522,0,0.0393976,0.0626682,0.00110275,0.00771922,0,0.0554263,0.0555358,0.0319646,0,0.0194275,0.0550348,0.0496294,0,0.00110275,0.00110275,0.00220549,0,0.00110275,0
#[v_choice,59]
%0,0,0,0,0.0140477,0,0,0,0,0,0,0,0,0,0,0,0.0334393,0.0135097,0,0,0.0168985,0,0,0.0288162,0,0.0146978,0,0,0.00264621,0,0.0280403,0,0.0110212,0.0280272,0.0135811,0,0.0663181,0.0597429,0.0157789,0,0.0824023,0.0298397,0.0909552,0,0,0.150902,0,0,0,0.0319393,0.0445508,0,0,0,0.0103686,0.0932745,0.000192064,0,0.0334766,0.0715579,0.0139761,0,0,0,0,0,0,0
#[v_choice,60]
%0,0.00668898,0.00334449,0.0100335,0,0.00334449,0,0.00501673,0,0.00836122,0.00836122,0.00501673,0,0,0.013378,0.00668898,0.00501673,0.013378,0,0,0,0,0.00668898,0.013378,0.00668898,0.0100335,0.00668898,0.0117057,0.0100335,6.33091e-21,0.0100335,0.0167224,0.00501673,0,0.0167224,0.00421038,0.0442847,0.0117057,0.0351171,0.00501673,0.0418061,0.00668898,0.0652175,0.0334449,0.0418061,0.0685596,0.00334449,0.0200669,0,0.0602008,0.0501673,0,0.0167224,0,0.0484951,0.0769233,0.0317727,0,0.0200669,0.0535118,0.0434784,0,0.00501673,0,0.00334449,0.00167224,0,0.00501673
#[v_choice,61]
%0,0,0,0,0,0,0,0,0,0,0,0,0,0,0,0,0,0,0,0,0,0,0,0,0,0,0,0,0,0,0,0,0,0,0,0,0,0,0,0,0,0,0,0,0,0,0,0,0,0,0,0,0,0,0,0,0,0,0,0,0,0,0,0,0,0,0,0
#[v_choice,62]
%0,0,0,0,0,0,0,0,0,0,0,0,0,0,0,0,0,0,0,0,0,0,0,0,0,0,0,0,0,0,0,0,0,0,0,0,0,0,0,0,0,0,0,0,0,0,0,0,0,0,0,0,0,0,0,0,0,0,0,0,0,0,0,0,0,0,0,0
#[v_choice,63]
%0,0,0,0,0,0,0,0,0,0,0,0,0,0,0,0,0,0,0,0,0,0,0,0,0,0,0,0,0,0,0,0,0,0,0,0,0,0,0,0,0,0,0,0,0,0,0,0,0,0,0,0,0,0,0,0,0,0,0,0,0,0,0,0,0,0,0,0
#[v_choice,64]
%0,0,0,0.00448951,0,0,0,0.00551637,0,0.00448951,0.0135406,7.13273e-11,0,0,0.0105359,8.27474e-06,0.0109917,0.0314266,0,0,0,0,6.17903e-09,1.78414e-11,0.00723577,0.0226397,0.0045352,0.00801648,6.92183e-13,0,0.00654542,2.45329e-18,0.00785698,0.0134685,0.0187305,0.000262805,0.0417926,0.0112973,0.0801972,0,0.0390955,0.00511764,0.0436661,0.0192193,0.0679451,0.0537254,0.0101794,0.0109374,0,0.0764149,0.0501848,0,0.00544124,0,0.0609028,0.119121,0.0353064,0,0.0260284,0.0613909,0.00276792,0,0,0,0.00897902,4.77624e-14,0,6.93672e-17
#[v_choice,65]
%0,0,0,0,0,0,0,0.0133114,0,0,0,0.0155694,0,0,0.0143502,0.0147142,0,0,0,0,0,0,0.00569647,0.0154868,0,0.0311425,0.0158136,0,0,0,2.70478e-05,0,0,0,0.0132272,0,0.0409618,0.0144916,0.129279,0,0.0199236,0,0,0.011721,0.0364285,0.050982,0,0.0148776,0,0.0169969,0.0548358,0,0.0295309,0,0,0.138135,0.0289949,0,0.0632172,0.195595,0.0146894,0,0,0,0,6.52189e-10,0,0
#[v_choice,66]
%0,0,0,0,0,0,0,0.00859706,0,0,0,0.00939794,0,0,0.0344131,0.0465301,0.0233853,0,0,0,0,0,0.0242261,0.00944532,0.0218878,7.23117e-05,0,0.00196487,0.0183292,0,0.0165402,0.0183292,0.0114551,0,0,0.0102667,0.000151276,0.023613,0.0104817,0,0.0976607,0.00788238,0.058607,0.0456892,0.00536704,0.0264419,0.00671423,0.0332909,0,0.0353201,0.0549517,0,0.0177754,0,0.0744062,0.0094411,0.0395995,0,0.0205784,0.0354666,0.123392,0,0,0,0,0.00916461,0,0.00916461
#[v_choice,67]
%0,0,0,0,0,0,0,0,0,0,0.0385104,0,0,0,0,0,0,0,0,0,0,0,0,0,0,0,0,0,0,0,0.067929,0,0,0,0,0.07325,0.0414993,0,0.0744045,0,0.054342,0,0.0343961,0,0,0.0765862,0,0,0,0.158959,0.0936731,0,0,0,0.0906291,0.109214,0,0,0,0.0866068,0,0,0,0,0,0,0,0
#[v_choice,68]
%0,0.00144928,0.00144928,0.00144928,0.00145085,0.000723067,0,0.00652174,0,0.0057971,0.00507246,0.00434783,0,0,0.0101449,0.0130435,0.00869565,0.00797101,0,0,0.00507246,0,0.00434783,0.00797101,0.00362319,0.0101449,0.00217391,0.0123188,0.0144928,3.2108e-10,0.0210145,0.0130435,0.00434783,0.0057971,0.0057971,0.00156966,0.0252419,0.0057971,0.0246377,0.00217391,0.0550725,0.0115942,0.0615942,0.0355072,0.05,0.0746377,0.00144928,0.0275362,0,0.0478261,0.0615942,0.00289855,0.0108696,0,0.0326087,0.0586956,0.0471015,0,0.0347826,0.0797101,0.0550725,0,0.00507246,0.000724638,0.00289855,0.00289855,0,0.00217391
#[v_choice,69]
%0,0.00649351,0,0,0,0,0,0.00974026,0,0.00324675,0.00649351,0,0,0,0.00324675,0.00324675,0.00649351,0.00649351,0,0,0,0,0.00324675,0.00324675,0.00974026,0.00649351,0.00324675,0.00649351,0.00974026,0,0.0292208,0.0324675,0.012987,0,0.00649351,0.00259349,0.0201338,0.00974026,0.0162338,0,0.0292208,0.0162338,0.0746753,0.0194805,0.0324675,0.100649,0,0.038961,0,0.0454545,0.0584416,0.00649351,0.00324675,0,0.0649351,0.0519481,0.0584416,0,0.0227273,0.0714286,0.0616883,0,0.00649351,0,0.0194805,0,0,0
#[v_choice,70]
%0,0.0305603,0.0158461,0.0203735,0.00905964,0.00905015,0,0.0203735,0,0.0198076,0.0345218,0.0141483,0,0,0.0294284,0.0254669,0.0232032,0.0345218,0,0,0.0130164,0,0.00792303,0.016412,0.0169779,0.0175439,0.0265987,0.024335,0.0186757,0.00206072,0.020577,0.0215054,0.0192416,0.0130164,0.0220713,0.00423314,0.0676401,0.0141483,0.0339558,0.0503678,0.0192416,0.00565931,0.0277306,0.0198076,0.016412,0.0260328,0.00339558,0.0091011,0.000519722,0.0124505,0.00792303,0.0441426,0.00282965,0,0.00339558,0.00169779,0,0,0,0,0,0,0.0260328,0,0,0.0107527,0.0294284,0.0367855
#[v_choice,71]
%0,0,0,0,0,0,0,0,0,0,0,0,0,0,0.0253165,0,0,0,0,0,0,0,0,0,0.0126582,0.0126582,0,0,0,0,0.0253165,0,0.0126582,0.0126582,0,0,0,0,0.0126582,0.0126582,0.0632911,0.0126582,0.0632911,0.0126582,0.0253165,0.0253165,0,0.0506329,0,0.139241,0.0126582,0,0.0126582,0,0.0253165,0.126582,0.0253165,0,0.0379747,0.126582,0.0632911,0,0,0,0.0506329,0,0,0
#[v_choice,72]
%0,0,0,0,0.00232022,0.00232016,0,0,0,0.00232019,0.00464037,0.00464037,0,0,0,0,0.0162413,0.00464037,0,0,0.00232019,0,0,0.00232019,0.00464037,0.00464037,0,0.0116009,0.0116009,0.0032276,0.0222944,0.0278422,0.0417633,0.00464037,0.00464037,0.00230158,0.0023388,0,0.00232019,0.00464037,0.0116009,0,0.0881671,0.00928074,0.0162413,0.12761,0,0.0116009,0,0.0580046,0.139211,0.00232019,0.00232019,0,0.0116009,0.0672854,0.0649652,0,0.00696056,0.0672854,0.104408,0,0.00232019,0,0.0185615,0,0,0
#[v_choice,73]
%0,0.0246915,0.0123458,0.00705472,0.016848,0.00960718,0,0.0176368,0,0.0229278,0.0282189,0.00176368,0,0,0.0246915,0.0211642,0.0158731,0.0352736,0,0,0.0158731,0,0.0123458,0.0158731,0.00705472,0.0105821,0.0370373,0.0158731,0.0123458,0.00534302,0.0246395,0.0105821,0.0282189,0.0176368,0.0194005,0.00489861,0.0497754,0.0264552,0.0335099,0.0599599,0.0370373,0.0141094,0.0458557,0.0158731,0.0141094,0.0405646,0.00176368,0.0141503,0.0017228,0.010582,0.0158731,0.0370373,0.00705426,0,0.00176368,0,0.00352736,0,0,0.00176334,0.00176368,0,0.0529104,0,0,0.00352736,0.0158731,0.0176368
#[v_choice,74]
%0,0.0220023,0.00669579,0.0187994,0.0175337,0.00507816,0,0.0246232,0,0.0266015,0.0298318,0.00806643,0,0,0.0149018,0.0157115,0.0153862,0.0286945,0,0,0.00334637,0,0.0152437,0.0167303,0.00670511,0.0133982,0.0490746,0.0295594,0.00844694,0,0.0100645,0.0253144,0.0236514,0.0050566,0.0256754,0.0160656,0.0476106,0.0223848,0.0434548,0.0496479,0.0272141,0.0102906,0.0217441,0.0222907,0.0288606,0.0271523,0,0.00797822,0,0.016518,0.0209885,0.0372545,0.00337877,0,0.00507859,0,0.00337877,0,0,0,0,0,0.0423437,0,0,0.0153397,0.0273846,0.0374472
#[v_choice,75]
%0,0.223089,0.0153807,0.00699704,0,0.11775,0,0,0,0.000874608,0.0168582,0,0,0,0.00820595,7.79003e-05,0.0770491,0.152996,0,0,0.00527099,0,0.00105137,0.0151409,0.0485772,0.0152214,0.0154433,0,0,0,3.3076e-06,0.0308214,0,0.0315103,0.0524194,0,0.00036399,0.0318094,0.00058718,0.0198832,0.0256535,0.00220013,0.00137064,0.00194043,0.0187014,0.0156145,0,0,0,0,0.00310777,0.00562141,0,0,0,0,0,0,0,0,0,0,0,0,0,0.00470471,0.0025873,0.0311166
#[v_choice,76]
%0,0.0810174,0.00530758,0.0631942,0,0.00991405,0,0,0,0.0080594,0.00409808,0,0,0,0.0586963,0.00081307,0.0610005,0.0137408,0,0,0.0446328,0,0.00495851,0.00285177,0,0.00591679,0.0248291,0,0,0,9.08773e-07,0.00420296,0,0.00423468,0.0146877,0,0.0037638,0.0747609,0.00617457,0.0831136,0.0879785,0.0200006,0.0124288,0.0177356,0.0682341,0.0243246,0,0,0,0,0.0265046,0.0499736,0,0,0,0,0,0,0,0,0,0,0,0,0,0.0422377,0.0216906,0.0489219
#[v_choice,77]
%0,0.00270306,0,0,0.0581936,0,0,0.0979376,0,0.086352,0,0.0271191,0,0,0.0336431,0.0811943,0.00533842,0,0,0,0.0220681,0,0,0.0201141,0,0,0.0668366,0.0775328,0,0,0,0,0,0,0,0.0201665,0.0494932,0,0,0,0.0446263,0,0.0801093,0,0,0,0,0.0282749,0,0.0270585,0.0304195,0.0596417,0,0,0,0,0,0,0,0,0,0,0.0207056,0,0,0,0.0400686,0.0204031
#[v_choice,78]
%0,0.0647137,0.0217335,0.0310335,0,0.00724145,0,0,0,0.00342015,0.0337834,0,0,0,0.0270495,0.000193837,0.0453105,0.0137146,0,0,0.0213895,0,0.0716049,0.0309559,0,0.0224202,0.0334001,0,0,0,0.0414204,0.0489645,0,0.0479953,0.0096566,0,0.00148822,0.0402776,0.00300053,0.0649678,0.0646121,0.00982125,0.00381026,0.00870523,0.0566328,0.0337183,0,0,0,0,0.012763,0.0237571,0,0,0,0,0,0,0,0,0,0,0,0,0,0.0207331,0.010262,0.0694491
#[v_choice,79]
%0,0,0,0,0,0,0,0,0,0,0,0,0,0,0,0,0,0,0,0,0,0,0,0,0,0,0,0,0,0,0,0,0,0,0,0,0,0,0,0,0,0,0,0,0,0,0,0,0,0,0,0,0,0,0,0,0,0,0,0,0,0,0,0,0,0,0,0
#[v_choice,80]
%0,0,0,0,0,0,0,0,0,0,0,0,0,0,0,0,0,0,0,0,0,0,0,0,0,0,0,0,0,0,0,0,0,0,0,5.39558e-12,1,0,0,0,0,0,0,0,0,0,0,0,0,0,0,0,0,0,0,0,0,0,0,0,0,0,0,0,0,0,0,0
#[v_choice,81]
%0,0.0301887,0.0188679,0.0226415,0.0037571,0.0188844,0,0.0113208,0,0.0150943,0.0339623,0,0,0,0.0226415,0.0150943,0.0188679,0.0264151,0,0,0.00754717,0,0.00377358,0.0301887,0.0150943,0.0188679,0.0301887,0.0113208,0.0188679,0,0.0226415,0.0188679,0.0339623,0.0188679,0.0264151,0.00638635,0.0464438,0.0150943,0.0301887,0.0377358,0.045283,0.00377358,0.0528302,0.0339623,0.00754717,0.0528303,0.00377358,0.0226415,0,0.0264151,0.0150943,0.0264151,0.00754717,0,0,0.00754717,0.00377358,0,0,0,0,0,0.0188679,0,0,0.00377358,0.0113208,0.0264151
#[v_choice,82]
%0,0,0,0,0,0,0,0,0,0,0,0,0,0,0,0,0,0,0,0,0,0,0,0,0,0,0,0,0,0,0,0,0,0,0,0,0,0,0,0,0,0,0,0,0,0,0,0,0,0,0,0,0,0,0,0,0,0,0,0,0,0,0,0,0,0,0,0
#[v_choice,83]
%0,0.0424295,0.0212133,0,0.0212134,0,0,0.0107269,0,0.0211242,0.0212133,0,0,0,0.0210685,0.0212133,0,0.0106036,0,0,0.0212037,0,0,0.0212148,0,0,0.0534637,0,0.0212228,0,0.0212152,0.0318313,0.0106093,0,0,0,0.0530424,0.0106116,0.0327657,0.117709,0.0212185,0,0.0212138,0,0.0212112,0.0636788,0,0.03182,0,0.0106112,0.0534492,0.031842,0,0,0.0212103,0,0.0107551,0,0.01061,0,0,0,0.0106067,0,0,0.0106079,0.0318281,0.0636418
#[v_choice,84]
%0,0,0,0,0,0,0,0.146816,0,0,0,0.148839,0,0,0,0,0,0,0,0,0,0,0,0,0,0,0.143341,0,0,0,0,0,0,0,0,0,0,0,0.135701,0.135301,0,0,0,0,0,0,0,0,0,0,0.143161,0,0,0,0,0,0.14684,0,0,0,0,0,0,0,0,0,0,0
#[v_choice,85]
%0,0.0638721,0.023398,2.2297e-15,5.588e-15,0.0206167,0,0.0188282,0,0.0286202,0.00765583,1.60404e-11,0,0,0.063515,1.04067e-09,0.00690743,0.0146311,0,0,2.1294e-14,0,0,0.0221829,0.0182683,0.00690743,0.0156276,0.0351559,0.0138149,0.00454198,0.0230877,4.41152e-15,2.28339e-14,1.46134e-15,0.0151402,0,0.0653532,0.00527406,0.0272592,0.0558882,0.0228854,8.28639e-15,0.036534,0.084085,0.0557449,0.069098,0,0.00912967,0,0.0306764,0.000390453,2.51803e-06,0.00626964,0,0.00542347,4.06478e-11,0.0244748,0,1.60846e-15,2.48318e-15,5.71512e-14,0,0.0603777,0,0,0.00690743,0.0314544,0
#[v_choice,86]
%0,0.0311667,0.00401711,0.00655709,0.0131113,0,0,0.0149122,0,0.00561684,0.0517463,1.06678e-07,0,0,0.0118344,0.00655709,0,0.0123394,0,0,0.0196713,0,0,0.00517053,0.0220007,0,0.00483631,0.00596967,0,0,0,0.0262284,0.0458996,0.00552173,0.0184131,0,0.00353237,0.0212218,0.0593655,0.0321886,0.0110608,0.0196713,0.117517,0.00469684,0.0388817,0.0263639,0,0.037233,0,0.0954642,0.0193006,0.0196689,0.0268338,0,0.0176757,0.0852424,0.00299493,0,0.0262284,0.00655709,0.00554928,0,0.00825549,0,0,0,0.00292638,0
#[v_choice,87]
%0,0,0,0,0,0,0,0,0,0,0,0,0,0,0,0,0,0,0,0,0,0,0,0,0,0,0,0,0,0,0,0,0,0,0,0,0,0,0,0,0,0,0,0,0,0,0,0,0,0,0,0,0,0,0,0,0,0,0,0,0,0,0,0,0,0,0,0
#[v_choice,88]
%0,0,0,5.6812e-07,0,6.44658e-06,0,7.23228e-07,0,8.79943e-07,0,0,0,0,0,0,0.203703,0.161119,0,0,0,0,0,0,0,1.00972e-14,9.10682e-05,0.0830434,0,0,0.0650365,0,8.03544e-07,0,8.35541e-13,0,0,0,8.91454e-07,0.0668322,0.0659971,0,2.57697e-08,2.54531e-09,2.07056e-10,0.144546,0,0,0,0.0759041,2.26123e-05,1.70165e-05,0,0,0.00146471,4.84636e-07,0,0,0.0669476,0,0,0,0,0,0,0,2.45429e-05,0.0652398
#[v_choice,89]
%0,0,0,0,0,0.00241183,0,7.04177e-08,0,0,0,0,0,0,0.110676,0,0,0.0571153,0,0,0,0,0,0,0,0,1.33617e-05,0.0627957,0,0,0.0572789,0,0,0,0.0549626,0,0.0546465,0,0.171459,4.21027e-05,0.056477,0,0,0,0.064024,0,0,0,0,0,0,0,0,0,0,0.139237,1.17659e-07,0,0.0589418,0,0.0549626,0,0,0,0,0.0549562,0,0
#[v_choice,90]
%0,0.0975923,0,0.0470906,0,0,0,0,0,0.0480699,0,0,0,0,0,0,0,0,0,0,0.0488468,0,0,0.0487958,0.08165,0,0,0,0.0488031,0,0,0.0487506,0,0,0,0,0,0.0455173,0,0.147332,0,0,0.0488029,0.0488026,0.189239,0,0,0,0,0,0,0,0,0,0,0,0,0,0,0,0,0,0,0,0,0,0,0.0507071
#[v_choice,91]
%0,0,0,0.0364839,0,0.075908,0,0.114151,0,0.0361432,0,0,0,0,0,0,0,1.98251e-14,0,0,0,0,0,0,0,2.114e-14,0.0956335,0.0222808,7.00699e-08,0,0,0,0.0351294,0,0,0,0,0.0510365,0.0307621,0.0721187,0,0,0.0283757,0,0,0,0,0,0,0,0.15013,0.0896047,0,0,0,0.056552,0.0374594,0,0.0331453,0,0,0,0,0,0,0,0.0350856,0
#[v_choice,92]
%0,0,0,0.0400271,0,0.0801534,0,0.11567,0,0.0395057,0,0,0,0,0,0,0,2.03353e-14,0,0,0,0,0,0,0,2.06924e-14,0.101075,0.0246186,6.84809e-08,0,0,0,0.0387703,0,0,0,0,0.0278366,0.0342515,0.0749571,0,0,0.0312698,0,0,0,0,0,0,0,0.14545,0.0748274,0,0,0,0.0599813,0.0364199,0,0.0364361,0,0,0,0,0,0,0,0.0387498,0
#[v_choice,93]
%0,0,0,0,0,0.140167,0,0.0440084,0,0,0,0,0,0,0,0,0,0.0289848,0,0,0,0,0,0,0.0653801,0.0985431,0.0164393,0,0.0492271,0,0,0,0,0,0,0,0.0987844,0,0,0,0,0,0.146917,0,0.0472847,0.0839375,0,0,0,0.0434446,0,0.0381023,0,0,0.09878,0,0,0,0,0,0,0,0,0,0,0,0,0
#[v_choice,94]
%0,0,0,0,0,0,0,0,0,0,0,0,0,0,0,0,0,0,0,0,0,0,0,0,0,0,0,0,0,0,0,0,0,0,0,0,0,0,0,0,0,0,0,0,0,0,0,0,0,0,0,0,0,0,0,1,0,0,0,0,0,0,0,0,0,0,0,0
#[v_choice,95]
%0,0.0135032,0.0229374,3.58079e-07,2.86781e-06,0.0390995,0,0.0195112,0,6.6014e-06,0,0,0,0,0.0317034,0.0163065,0.0312917,0.0485509,0,0,2.10634e-06,0,2.45682e-06,0.056252,1.29488e-06,0.0195693,0.0312917,1.07546e-05,3.63311e-06,0,0.0153953,4.0123e-06,0.0625834,0,0.0613873,0.01811,0.0159297,1.14481e-06,2.85555e-08,0.00401734,0.0410366,1.29027e-06,0,4.42117e-07,2.10325e-06,0.0301408,0,0,0,9.31124e-07,9.41386e-06,0.0835899,1.11754e-06,0,0.0308774,0.0159418,0.00017964,0,0.0422472,0.0577655,4.47535e-06,0,0.122183,0,0,0.0198725,0.0312917,0.0173796
#[v_choice,96]
%0,0.0416287,0.0203564,0.039811,0.0265562,0.00663034,0,0.00999198,0,0.0132648,0,0,0,0,0.0129213,0.0259805,0,0.0119021,0,0,0.0265391,0,0.0132684,0.00537022,0.0132693,0.0232131,0,0.0132613,0.0265378,0,0.000210787,0.0265375,0,0,0.00101458,0.0109397,0,0.0132695,0.0265409,0.129293,0.00500509,0.0132693,0,0.0265405,0.0265129,0.0161027,0,0,0,0.0265397,0.0663442,0.0352646,0.0132695,0,0,0.00186096,0.0529293,0,0.0437896,0.0040865,0.0398075,0,0.0290721,0,0,0.00968549,0,0.0516113
#[v_choice,97]
%0,0,0,0,0,0.00263887,0,0,0,0,0,0.335712,0,0,0,0,0,0,0,0,0,0,0,0,0,0,0,0,0,0,0,0,0,0.0265046,0,0,0,0,0,0,0,0,0,0.186419,0,0,0,0,0,0,0,0,0,0,0.422927,0,0,0,0,0,0.0257993,0,0,0,0,0,0,0
#[v_choice,98]
%0,0,0,0,0,0,0,0,0,0,0,0.0829594,0,0,0,0,0,0,0,0,0,0,0,0,0,0,0,0,0,0,0.0829593,0.0829594,0,0,0,0.0654955,0.100428,0,0.0829593,0,0,0,0,0,0.0829593,0,0,0,0,0.0829593,0.0829593,0.0829593,0,0,0.0874426,0,0,0,0,0,0,0,0,0,0,0,0,0.0829593
#[v_choice,99]
%0,0.0247311,0.0113649,0.0111713,0.00484789,0.00800837,0,0.0160177,0,0.0128716,0.018682,0.00639373,0,0,0.0211063,0.0312527,0.022594,0.0372794,0,0,0.0117412,0,0.00726506,0.0189238,0.0107334,0.0154091,0.0368397,0.00651228,0.00804239,0,0.0105729,0.010542,0.0113649,0.00324712,0.0113649,0.000389149,0.0360253,0.00807983,0.014152,0.0492555,0.00807127,0.00892957,0.030355,0.014612,0.0186709,0.0319346,0.000811779,0.00892957,0,0.0362797,0.0499649,0.0166671,0.00898183,0,0.035709,0.0572256,0.0239994,0,0.0146777,0.0373436,0.0186709,0,0.0331271,0,0.000811776,0.00568245,0.0157858,0.0259769
#[v_choice,100]
%0,0.0254537,0,0.00170354,0.0161813,0.00102326,0,0.00655322,0,0.00173188,0.00186134,0.00851904,0,0,0,0.00231034,0.126733,0.0115943,0,0,0.0160697,0,0.0183538,0.00603454,0.0401926,0.0306366,0.0860921,0.0237466,0.000570863,0.0142259,0.0439009,0.0305053,0,0,0,0,0.0656053,0.0240768,0.00196652,0.0731408,0.00449054,0,0.0020609,0,0,0.0109151,0,0,0,0.0931307,0.0160676,0.00221393,0.0243679,0,0.0226381,0.0134433,0.0613542,0,0.00993354,0.0488697,0,0,0.00492939,0,0,0,0.00680185,0
#[v_choice,101]
%0,0.0212872,0,0.0149284,0.0187797,0.0262739,0,0.0254509,0,0.0010706,0.02418,0.0356124,0,0,0,0.0428526,0.0120569,0.0712954,0,0,0.0371297,0,0.0055416,0.0186304,0.0677862,0,0.0345594,0.0149862,0.0134347,0.00679036,0.00620728,0,0,0,0,0,0.0243819,0.00311123,0.0188192,0.023623,0.0240963,0,0.0191882,0,0,0.0284553,0,0,0,0.0026905,0.0618047,0.0550543,0.00159133,0,0.0655648,0.0509685,0.0049989,0,0.00721337,0.00468795,0,0,0.0507549,0,0,0,0.0541422,0
#[v_choice,102]
%0,0.0210109,0,0.0146733,0.0185218,0.0263708,0,0.0259104,0,0.00109434,0.0240221,0.0355384,0,0,0,0.0429139,0.0118805,0.0712614,0,0,0.0380727,0,0.00549165,0.018638,0.0685257,0,0.0345089,0.0147846,0.0134635,0.0069499,0.00620028,0,0,0,0,0,0.0247636,0.00306609,0.018785,0.0238016,0.0236946,0,0.0193433,0,0,0.0291081,0,0,0,0.0026564,0.0613282,0.0550243,0.00156004,0,0.0647767,0.0507013,0.00494657,0,0.00753891,0.00467348,0,0,0.0501362,0,0,0,0.0542626,0
@v_3_del
$Dim[103,21]
#[v_choice,0]
%0,0,0.0568385,0.168862,0.0287396,0.0576862,0.165868,0.12142,0.127832,0.140147,0.0571853,0.0228799,0.0190741,0.000182847,0.0141895,0.016257,0,4.15461e-05,0.00279576,1.13037e-20,0
#[v_choice,1]
%0,0,0,0,0.112663,0.309496,0.2538,0.266928,0,0.000536588,0,0.0482872,1.4112e-06,0,0,0,0,0,0,0,0.00828648
#[v_choice,2]
%0,0.0011068,0.0245004,0.130738,0.0264044,0.057903,0.0914399,0.106633,0.0862084,0.0809994,0.0970028,0.0911733,0.0569105,0.082905,0.0143907,0.00983154,0.00119548,0.0214968,0.0151502,0.00125973,0.00275071
#[v_choice,3]
%0,0,0,0,0,0,0,0,0,0,0,0,0,0,0,0,0,0,0,0,0
#[v_choice,4]
%0,0,0.190399,0.039019,0.140963,0.228019,0.050674,0.15758,0.0598354,0.0437902,0.0158669,0.0397586,0.00855555,0.00409032,0.000950494,0.00041834,0.0109469,0.00752948,0,0,0.00160331
#[v_choice,5]
%0,0,0,0,0,0,0,0,0,0,0,0,0,0,0,0,0,0,0,0,0
#[v_choice,6]
%0,9.87192e-05,0.0129051,0.0458996,0.0695838,0.243098,0.0347271,0.169207,0.110966,0.0697544,0.0453386,0.0948988,0.0269769,0.0203051,0.00258578,0.0128541,0.0226188,0.0117546,3.19153e-05,0.00441383,0.00198237
#[v_choice,7]
%0,0.000138252,0.0173077,0.051311,0.0827118,0.294482,0.037037,0.178004,0.106873,0.0559906,0.0339708,0.062427,0.0152622,0.00773955,0.00161406,0.009168,0.0238748,0.00914498,0,0.0097884,0.00315462
#[v_choice,8]
%0,0,0.0136455,0.101649,0.193293,0.00623816,0.196436,0.130726,0.0397343,0.0888927,0.158653,0.0262387,0.000164945,0,0,4.26584e-06,0.00824643,0.036078,0,5.91321e-11,0
#[v_choice,9]
%0,0,0.0250337,0.0318924,0.224674,0.0307726,0.250184,0.260096,0.07066,0.0182283,0.00887814,1.29025e-05,0.0395713,0,0,0.030019,5.76843e-06,0,0,0,0.00997227
#[v_choice,10]
%0,0,0,0.0569273,0.321847,0.00198511,0.185441,0.172054,0.124208,0.0481359,0.00536625,0.00458804,0,0.0228356,8.65275e-05,0.0565254,0,0,0,0,0
#[v_choice,11]
%0,0,0.0758422,0.0139433,0.0566342,0.0882718,0.0477067,0.132232,0.131169,0.094397,0.0613964,0.115664,0.0905471,0.0132589,0.0223185,0.0188831,0.0136563,0.0161446,0.000979627,0.00695404,1.20966e-07
#[v_choice,12]
%0,0,0.094238,0.0320965,0.098117,0.10106,0.0544243,0.130487,0.146689,0.0797548,0.0463892,0.0883037,0.0563963,0.00971784,0.0109928,0.0183993,0.0133469,0.0180306,0.000411451,0.00114553,0
#[v_choice,13]
%0,0.00113286,0.0364077,0.0346701,0.148659,0.170082,0.0388686,0.143964,0.122852,0.150635,0.0301824,0.0504739,0.0395254,0.00547273,0.00535159,0.00569883,0.00732932,0.00628355,0,0.000901343,0.00150873
#[v_choice,14]
%0,0.00118949,0.0390461,0.0377093,0.156898,0.177464,0.0365903,0.144092,0.121116,0.147262,0.0268558,0.0470017,0.0365481,0.00401324,0.00440323,0.00526295,0.00696734,0.00587646,0,0.000435002,0.00126971
#[v_choice,15]
%0,0,0,0,0,0,0,0,0,0,0,0,0,0,0,0,0,0,0,0,0
#[v_choice,16]
%0.000193232,0.00310982,0.00763566,0.08265,0.0858165,0.188655,0.15243,0.164318,0.105732,0.0462663,0.0718146,0.010878,0.0343925,0.000767293,0.0110774,0.0134952,0.00782738,0.0099296,0.00102622,0,0.00198567
#[v_choice,17]
%0.000573606,0,0.0421886,0.0461858,0.323734,0.177935,0.109305,0.131505,0.0342057,0.0778412,0.0148658,0.00674734,0.0193033,0.00289975,0.0104476,0,0.00137499,0,0,0,0.000886858
#[v_choice,18]
%0,0,0.00166923,0.174754,0.0250841,0.127678,0.151258,0.0858738,0.0789298,0.0379674,0.120488,0.0350266,0.0278038,0.0290125,0.00864211,0.0453641,0.0317097,0.00638661,0.0107901,0.00156212,1.43985e-11
#[v_choice,19]
%0,0,0.0212099,0.230911,0.00219466,0.0757048,0.210537,0.0609175,0.127682,0.0404647,0.124489,0.0412414,0.0190716,0.0234926,0.000143757,3.53103e-05,0.0153814,1.7841e-06,1.60022e-06,0.00611564,0.000404298
#[v_choice,20]
%0,0,0,0.0564203,0.0485346,0.0387605,0.124239,0.378369,0.0687327,0.0819409,0.0647911,0.00567984,0.0965731,0.0359582,0,0,0,0,0,0,0
#[v_choice,21]
%0,0,0.013791,0,0.768314,0.106016,0.0640025,0,0,0,0,0,0.0478769,1.82341e-12,1.9093e-19,0,0,0,0,0,0
#[v_choice,22]
%0.00156431,0.00495399,0.0399193,0.0449994,0.0128608,0.0640631,0.0401644,0.061813,0.165566,0.103619,0.146183,0.201452,0.0333632,0.0426652,0.00424238,0.00417711,0.0129733,0.0123895,0.0030303,3.61092e-21,0
#[v_choice,23]
%0.000208295,0.00258807,0.0281965,0.086949,0.0786787,0.175111,0.034239,0.194176,0.120123,0.100226,0.00364068,0.0893665,0.0346564,0.0131267,0.00587192,0.0142391,0.0100177,0.00244029,0.00191877,0.00178259,0.00244389
#[v_choice,24]
%0,0,0,0,0.499976,0,0,0,0,0,0,0.500024,7.77734e-13,0,0,0,0,0,0,0,0
#[v_choice,25]
%0,0,0.0164387,0.0607415,0.0850113,0.0167073,0.131546,0.0673627,0.117999,0.0601986,0.0598675,0.113886,0.0661845,0.0539881,0.0901461,0.0149301,0.0272536,0.00742914,0.00229389,0.00187853,0.00613849
#[v_choice,26]
%0,0,0.0347635,0.0697636,0.0905042,0.0250585,0.264286,0.193914,0.0758261,0.00133053,0.110473,0.000285451,0.0583958,0.0602332,9.89769e-05,4.19475e-10,3.22626e-08,0,0,0,0.0150677
#[v_choice,27]
%0,0,0,0,0,0,0,0,0.00736977,0.172909,0.250597,0.0439988,0.192111,0.109081,0.0692967,0.0430826,0.000725768,0.06827,0.0102674,0.0322915,0
#[v_choice,28]
%0.00233142,0.000499364,0.00101997,0.253175,0.0718166,0.134617,0.0752513,0.181582,0.106267,0.0806402,0.0898245,0.00136955,0.0015104,9.36948e-05,2.90904e-06,0,1.49167e-09,1.52757e-14,0,4.85729e-20,0
#[v_choice,29]
%0,0,0,0,0.458056,0.392042,0.123791,0.0261117,0,0,7.2759e-14,0,4.72572e-14,0,0,0,0,0,0,0,0
#[v_choice,30]
%0,0,0.0175142,0.0410246,0.158619,0.236136,0.299064,0.191415,0,0.0562264,2.70751e-12,0,0,0,0,0,0,0,0,0,0
#[v_choice,31]
%0,0,0,0,0.733546,0.257397,0.000788984,0.00826848,0,0,0,0,0,0,0,0,0,0,0,0,0
#[v_choice,32]
%0.00164236,0,0.0144869,0.0692939,0.00506213,0.0922046,0.1405,0.208671,0.162448,0.177856,0.0831034,0.0276174,0.00499416,0.00338278,0.00128498,0.00233373,0.000813857,0,0,0.00430561,6.16538e-16
#[v_choice,33]
%0,0,0,0,0.249649,0.283903,0.135687,0.0403563,0.0675665,0.0832754,0.127829,0,0,0,0,0.011733,0,0,0,0,0
#[v_choice,34]
%2.60052e-05,0.00082803,0.00420475,0.031641,0.0610236,0.0262871,0.075066,0.0958414,0.249036,0.154623,0.165602,0.0477082,0.0367167,0.00475988,0.0102554,0.00750506,0.0127387,0.0093027,0,0.00224733,0.00458659
#[v_choice,35]
%0.00290133,0.000157267,0.0436188,0.0767799,0.209788,0.17166,0.0813465,0.12246,0.103149,0.120029,0.0104623,0.0372629,0.00776357,1.51872e-08,1.39502e-06,0,0.00875121,0.00376211,0.000107271,1.65927e-15,2.63518e-14
#[v_choice,36]
%0,0,0,0,0.0660423,0.10647,0.0288149,0.133067,0.149865,0.287253,0.0812713,0.0543993,0.0895275,5.01288e-09,1.18941e-08,0,0.00274865,0.000527967,1.33299e-05,0,0
#[v_choice,37]
%0.00202,0.000165412,0.0525128,0.0812502,0.216748,0.190144,0.0833849,0.111691,0.0962266,0.116437,0.00563616,0.0252578,0.00572724,0,5.20337e-07,0,0.0096714,0.0030628,6.49233e-05,0,0
#[v_choice,38]
%0.00316411,0,0,0,0.454017,0.279225,0.0535384,0.0331649,0.0212813,0.0680667,0.0591896,0,0,0,0,0.0283529,5.43378e-21,0,0,0,0
#[v_choice,39]
%0.00527085,0.00842831,0.00838327,0.0366664,0.0096828,0.241664,0.128259,0.258004,0.225595,0.0369183,0.00330411,0.00954091,0.0104447,0.00469275,0.0131457,6.62295e-15,0,0,0,0,0
#[v_choice,40]
%0,0,0,0,0,0,0,0,0,0,0,0,0,0,0,0,0,0,0,0,0
#[v_choice,41]
%0,0,0.0406958,0.184173,0.157208,0.131629,0.210816,0.0493863,0.0722891,0.0161602,0.0295313,0.0301972,0.0340416,0.0308594,0.0015129,0.00588905,0.00464437,0,0,0.000967573,7.55482e-12
#[v_choice,42]
%0,0.00963748,0.0532978,0.0535193,0.211246,0.186779,0.0724464,0.03453,0.140437,0.0670767,0.036287,0.0625909,0.00406513,0.0259335,0.0185474,0.000359672,0.000911921,0.0190587,0.000717531,0.00111051,0.00144855
#[v_choice,43]
%0,0,0,0,0,0,0,0,0,0,0,0.208032,0.246385,0.16861,0.061137,0.122324,0.0854454,0.0830944,0.0248328,5.53648e-11,0.000139153
#[v_choice,44]
%0,0,0,0.548629,0.179672,0.112755,0.0801255,0.0361819,0.0190914,0,0,0,0.0235447,0,0,0,0,0,0,0,0
#[v_choice,45]
%0.00338349,0,0.0314734,0.0336822,0.171691,0.000417114,0.0600304,0.103048,0.124268,0.0454852,0.0980543,0.0659774,0.13095,0.063269,0.0277261,0.0278157,0.00650232,0,0.00622616,2.32725e-21,0
#[v_choice,46]
%0,0,0,0,0,0,0,0,0,0,0,0,0,0,0,0,0,0,0,0,0
#[v_choice,47]
%0,0.0208675,0.0422822,0.112342,0.227492,0.0995589,0.162478,0.101755,0.0502035,0.0609374,0.0060286,0.0252215,0.0260462,0.0154225,0.0447343,2.69113e-05,0.00460269,5.90038e-07,6.30535e-19,0,0
#[v_choice,48]
%0,0.0153507,0,0,0.0354351,0,0,0,0.000722502,0.0198494,0.033926,0.461201,0.0557796,0.0103746,0.095865,0.0541064,0,0,0,0,0.217389
#[v_choice,49]
%0,0,0.81841,0,0.18159,0,0,0,0,0,0,0,0,0,0,0,0,0,0,0,0
#[v_choice,50]
%0,0.0185502,0.165325,0.00817081,0.113361,0.0902019,0.0224643,0.140064,0.0977311,0.122315,0.0324937,0.0512875,0.0549277,0.0155863,0.0196243,0.0209269,0.018381,0.00731318,1.95096e-07,7.61477e-07,0.00127344
#[v_choice,51]
%0,0.00275449,0.0233957,0.292283,0.271475,0.00849768,0.164382,0.0617642,0.112625,0.0121565,0.027797,0.00962731,2.26077e-05,0.00048245,0,0.00453062,0.00682007,0,0,0,0.00138607
#[v_choice,52]
%0,0,0.00761895,0.101842,0.0917456,0.347111,0,0.0289908,0.152064,0.0757903,0.0285174,0.0568095,0.0280884,0.0251624,0.0249894,0.0312708,0,0,0,0,0
#[v_choice,53]
%0.00204493,0,0.0142764,0.0902981,0.0893311,0.323166,0.0578571,0.162302,0.0345833,0.221199,6.54685e-06,0,0,0,0,8.66942e-08,0,0,0,0.00493585,1.25432e-17
#[v_choice,54]
%0,0,0,0,0,0,0,0,0.832039,0.108085,0.059876,0,0,0,0,0,0,0,0,0,0
#[v_choice,55]
%0,0.00246041,0.204967,0.0114554,0,0,0,0,0.781118,0,0,0,0,0,0,0,0,0,0,0,0
#[v_choice,56]
%0,0,0,0,0,0,0,0,0,0,0,0,0,0,0,0,0,0,0,0,0
#[v_choice,57]
%0,0.018617,4.18271e-06,0.141294,0.0683182,0.32748,0.080846,0.111688,0.0707457,0.138612,0.0116822,0,0.0169805,0,0,0,0,0.013733,2.65525e-14,0,0
#[v_choice,58]
%0.000342662,0.00487625,0.121535,0.0547779,0.0957278,0.09878,0.25246,0.0168546,0.293664,0.0340415,0.000980596,0.000360051,4.52757e-07,0,0.0158846,0.00970482,1.00707e-05,0,1.70781e-08,0,0
#[v_choice,59]
%0,0,0,0,0.306333,0.361277,0.079614,0,0.000887847,0.091808,0.116255,0,0.0438249,0,0,0,0,0,0,0,0
#[v_choice,60]
%0,0,0.00235788,0.0972759,0.0263858,0.0958269,0.0695754,0.0918254,0.167829,0.116413,0.104598,0.084768,0.0725205,0.0203897,0.00923434,0.0169549,0.0100031,0.00803669,0,0.00427041,0.00173502
#[v_choice,61]
%0,0,0,0,0,0,0,0,0,0,0,0,0,0,0,0,0,0,0,0,0
#[v_choice,62]
%0,0,0,0,0,0,0,0,0,0,0,0,0,0,0,0,0,0,0,0,0
#[v_choice,63]
%0,0,0,0,0,0,0,0,0,0,0,0,0,0,0,0,0,0,0,0,0
#[v_choice,64]
%0,0.000265507,0.174849,0.0462125,0.115922,0.22741,0.0643337,0.0652407,0.0855005,0.0257848,0.0856606,0.00969007,0.0225633,0.0634939,0.00528692,0.00509004,0.00252075,3.07317e-06,0.000171504,2.01443e-08,1.32802e-07
#[v_choice,65]
%0,0,0,0,0.744406,0.178054,0.00349869,0,0.0555276,0,0.000131475,0.0183824,0,0,0,0,0,0,0,0,0
#[v_choice,66]
%0.167705,0.0338326,0.0917187,0.0897477,0.186628,0.357285,0.00397825,0.00728285,0.0524649,0,0,0,0.000192416,0,0,0,0,0,0,0.00916471,0
#[v_choice,67]
%0,0.0211843,0,0,8.89332e-05,0.579757,0.204691,0,0.0518043,0.142475,0,0,0,0,0,0,0,0,0,0,0
#[v_choice,68]
%0,0.000176918,0.111297,0.0426823,0.0379381,0.121824,0.0893176,0.063566,0.0882376,0.032424,0.0467872,0.101195,0.0561251,0.0694615,0.0396555,0.0639637,0.0125283,0.0103505,0.0089075,0.000565339,0.00299653
#[v_choice,69]
%0,0.00795271,0.0129806,0.0656581,0.100962,0.179042,0.0454903,0.234276,0.124147,0.0750364,0.0805819,0.0291006,0.00819886,0.00166905,0.0111484,0.000638651,0.0183546,0.00476244,1.16414e-13,0,0
#[v_choice,70]
%0.000128343,0.000443813,0.0141416,0.0408154,0.0563692,0.189531,0.0632163,0.151339,0.0914969,0.0431572,0.193296,0.0163894,0.0367876,0.0410934,0.0309049,0.00515248,0.0167026,0.00289801,0.00190716,0.00149475,0.00273501
#[v_choice,71]
%0.0100673,0,0.028631,0.0877646,0.099193,0.144239,0.113067,0.0432645,0.00892158,0.178307,0.0963832,0.0509553,0.0284324,0.0277023,0.0451607,0,0.025248,0,0.0126628,4.13351e-17,0
#[v_choice,72]
%0.00566298,0.000813289,0.0142748,0.0864478,0.0135777,0.120793,0.132039,0.300704,0.0499218,0.152411,0.0411748,0.0435005,0.00424045,0.00304191,0.0157485,0.00822765,0.00203651,0.00269343,0.00269167,0,0
#[v_choice,73]
%0,0,0.0469764,0.0293252,0.0347428,0.0640168,0.0571471,0.297365,0.159833,0.0664031,0.0756687,0.0279081,0.089184,0.0092835,0.00773241,0.00942413,0.0109789,0.00596044,0,0.00311987,0.00493077
#[v_choice,74]
%0.000378013,0.00208246,0.0130794,0.0498698,0.0103078,0.169866,0.0352167,0.234516,0.0605646,0.249046,0.157853,0.00753297,0.00962076,4.34481e-09,0,0,2.80254e-05,3.59064e-05,0,1.85921e-06,9.21603e-16
#[v_choice,75]
%0,0,0,0,0.00644699,0.295531,0,0.130563,0.226097,0.186591,0.107527,0,7.67825e-05,0,0,0.0471674,0,0,0,0,0
#[v_choice,76]
%0,0,0,0,0.0047159,0.862841,0,0.00987507,0.00452853,0.10418,0.0138223,0,3.75078e-05,0,0,0,0,0,0,0,0
#[v_choice,77]
%0,0,0,0,0.696441,0.118592,0.184967,0,0,0,0,0,0,0,0,0,0,0,0,0,0
#[v_choice,78]
%0,0,0,0,0.00394338,0.542981,0,0.00513388,0.00250652,0.221074,0.140545,0,0.0838163,0,0,0,0,0,0,0,0
#[v_choice,79]
%0,0,0,0,0,0,0,0,0,0,0,0,0,0,0,0,0,0,0,0,0
#[v_choice,80]
%0,0,0,0,0,1,0,0,0,0,0,0,0,0,0,0,0,0,0,0,0
#[v_choice,81]
%0,0,0.0409053,0.011347,0.0743844,0.0642306,0.123898,0.0388969,0.230843,0.107169,0.0826533,0.0624441,0.108341,0.00307406,0.0111769,0,0.00734957,0.0203593,0.00791512,0.00501244,1.75656e-13
#[v_choice,82]
%0,0,0,0,0,0,0,0,0,0,0,0,0,0,0,0,0,0,0,0,0
#[v_choice,83]
%0,1.68248e-05,0.105625,0.0442679,0.21022,0.171865,0.186849,0.0205154,0.156084,0.0243757,0.00871034,0.0259958,0.0454766,0,0,9.0732e-09,0,3.37893e-08,7.58724e-08,1.03149e-16,1.18533e-13
#[v_choice,84]
%0,0,0,0,0,0,0,0,0,0,0,0,0,0,0,0,0,0,0,0.189205,0.810795
#[v_choice,85]
%0,5.04059e-05,0.0436512,0.0274766,0.217154,0.0894469,0.0675068,0.158683,0.0955891,0.104293,0,0.084588,0.061056,0.0200391,0,0.0133969,0.00596274,0.0110984,7.41842e-06,7.09847e-13,4.14947e-12
#[v_choice,86]
%0,0,0,0.0023812,0.0115085,0.0133602,0.0265562,0.004683,0,0.851728,0.0137024,0,0,0.0252352,0,0.00235905,0.0331078,0.00757649,0.00780211,0,0
#[v_choice,87]
%0,0,0,0,0,0,0,0,0,0,0,0,0,0,0,0,0,0,0,0,0
#[v_choice,88]
%0,0,0,0,0,0.0387767,0.000482157,0,0.00110045,0.247919,0.635158,0,0,0,0.00862397,0,0,0,0,0.0679352,4.66587e-06
#[v_choice,89]
%0,0,0,0,0,0.000379387,0,0.822102,0.0602954,0.00497894,0.00777755,0,0,0,0.104466,0,0,0,0,0,0
#[v_choice,90]
%0,0,0,0.0316509,0.288346,0.103288,0,0.105368,0.274694,0,0,0,0.0409399,0.037075,0.118638,0,0,0,0,0,0
#[v_choice,91]
%0,0.0477239,0,0,0,0.000234092,0.292336,0,0.573071,3.69684e-05,0,0,0,0,0,0,0,0.0134073,0.069545,2.99095e-05,0.00361547
#[v_choice,92]
%0,0.026113,0,0,0,0.000232527,0.286915,0,0.616081,0,0,0,0,0,0,0,0,0.0127354,0.0560215,0,0.00190192
#[v_choice,93]
%0,0,0.00750656,0.201905,0.230917,0.489656,6.17026e-09,0,0.00393154,0.000835593,0,0,0,0.0652483,0,0,0,0,0,0,0
#[v_choice,94]
%0,0,0,1,0,0,0,0,0,0,0,0,0,0,0,0,0,0,0,0,0
#[v_choice,95]
%0,0,0.0196853,0.0241688,0.204351,0.00116379,0.00231208,0.0207389,0.0314659,0.138274,0.115458,0.0893597,0.124426,0.0749405,0,0.0230875,0.0227663,0.0761518,0.0198873,0,0.0117634
#[v_choice,96]
%0,0.000341128,0.137815,0.0343081,0.00426316,0.0741162,0.138946,0.0885895,0.498581,0.0192,0.000661282,0.000217898,0,0,0,0,0,0.00242806,0,0,0.000533266
#[v_choice,97]
%0,0,0,0,0,0,0,0,0,0,0,0,0.390586,0,0,0,0,0.609414,0,0,0
#[v_choice,98]
%0,0,0.24233,0,0.176334,0,0,0.109949,0.138926,0,0,0.0748672,0,0.257594,0,0,0,0,0,0,0
#[v_choice,99]
%0,0.00225098,0.0664881,0.057601,0.0561524,0.0932166,0.0993925,0.0874102,0.192021,0.113933,0.0891667,0.134173,0.000313713,0.000577055,3.14214e-05,0.000559966,0.00367877,2.81571e-05,0.00300398,0,6.12984e-07
#[v_choice,100]
%0,0,0,0,0.0906632,0.114915,0.265235,0.13496,0.0356474,0.0796566,0.000757996,0,0.0225093,0.191593,0.0338515,0,0,0.030211,0,0,0
#[v_choice,101]
%0,0,0,0,0.479857,0.314642,0.0482974,0.0255715,0.0348452,0.079514,0.014537,0,0.00152408,0.000876279,0.000335046,0,0,0,0,0,0
#[v_choice,102]
%0,0,0,0,0.48152,0.312023,0.0471165,0.0249223,0.0350364,0.081984,0.0146422,0,0.0015265,0.000882537,0.000346576,0,0,0,0,0,0
@j_5_del
$Dim[68,23]
#[j_choice,0]
%0,0,0,0,0,0,0,0,0,0,0,0,0,0,0,0,0,0,0,0,0,0,0
#[j_choice,1]
%0,0.0131172,0.00773957,0.0361081,0.0754569,0.0103717,0.0818376,0.0295227,0.249964,0.0686972,0.154267,0.0813834,0.113655,0.0191401,0.0271454,0.000956553,0.00973115,0.00456949,0.00243653,0.00419094,0.00148496,0,0.00822443
#[j_choice,2]
%0,4.87657e-06,0.0157523,0.039393,0.0334509,0.0901898,0.038484,0.0878586,0.116012,0.119457,0.0375467,0.0977811,0.163368,0.0423987,0.0123268,0.01695,0.0299506,0.0259499,0.0151989,0.0061614,0.00712412,0.00218679,0.00245456
#[j_choice,3]
%0.00225671,0,0.0090492,0.0206247,0.02911,0.165737,0.128841,0.0705472,0.371232,0.0530255,0.0242405,0.032344,0.0551806,0.00659071,0.00782622,0,0.0054642,0.010107,0,0.00203226,0.00579183,0,0
#[j_choice,4]
%0.00114641,0.000956875,0.00607414,0.0103818,0.0174747,0.0744488,0.0162391,0.137199,0.10544,0.146294,0.0912875,0.0334957,0.191654,0.0383212,0.00663068,0.0586326,0.0137439,0.00321622,0,0.0115014,0.0146652,0,0.0211968
#[j_choice,5]
%0,0.00499516,0.00662704,0.0087658,0.0146998,0.040051,0.0627777,0.101076,0.165547,0.13174,0.102282,0.0240676,0.176216,0.0478702,0.050877,0.0122121,0.0177422,0.0123578,0.00616219,0.00735834,0,0,0.00657533
#[j_choice,6]
%0,0,0,0,0,0,0,0,0,0,0,0,0,0,0,0,0,0,0,0,0,0,0
#[j_choice,7]
%0,1.05588e-14,0.0310608,0.00171321,0.0105408,0.0691888,0.224681,0.123448,0.138859,0.127762,0.0783138,0.0835797,0.00781236,0.00416957,0.0161625,0.0233687,0.0180462,0.0056685,0.0109549,0.00984542,0.00511856,0.00409095,0.00561471
#[j_choice,8]
%0,0,0,0,0,0,0,0,0,0,0,0,0,0,0,0,0,0,0,0,0,0,0
#[j_choice,9]
%0.00529122,0,0.00116094,0.0319371,0.047141,0.021049,0.111084,0.0955178,0.0584209,0.112256,0.0359332,0.104859,0.105587,0.0397415,0.0549076,0.129294,0.00504936,0.00718018,0.00559279,0.00585925,0.00502746,0.00643203,0.0106791
#[j_choice,10]
%1.14535e-06,0.00485987,0.00468324,0.0477499,0.0105945,0.0899396,0.0293588,0.0612956,0.0886351,0.135465,0.126381,0.149042,0.175965,0.0135229,0.0108063,0.013345,0.00604147,0.00933958,0.0113022,0.000325958,0.00418725,0.00186914,0.00528917
#[j_choice,11]
%0,0.00206484,0.0409122,0,0.0163458,0.156968,0.151976,0.0890873,0.17439,0.169727,0.0780976,0.017506,0.0319455,0.026564,0.00879845,0.0132948,0.00314365,0,0,0.00049825,0.00646585,0.00612223,0.00609355
#[j_choice,12]
%0,0,0,0,0,0,0,0,0,0,0,0,0,0,0,0,0,0,0,0,0,0,0
#[j_choice,13]
%0,0,0,0,0,0,0,0,0,1,0,0,0,0,0,0,0,0,0,0,0,0,0
#[j_choice,14]
%0.00207332,0.00051332,0.016656,0.0402718,0.064236,0.0318411,0.118753,0.0625131,0.12532,0.0801502,0.0961978,0.169331,0.0780434,0.0125862,0.0179898,0.0174235,0.0221576,0.00815275,0.00865445,0.0171189,0.00512827,0.00488939,0
#[j_choice,15]
%0,0,0.0546394,0.249637,0.0876249,0.196926,0.0941486,0.113868,0.0520405,0.0545097,0.0158288,0.0248857,0.00563323,0.0188576,0.00507574,0.011936,0.00239842,0.00023642,0.00652623,0.00522866,0,0,0
#[j_choice,16]
%0,1.07642e-05,0.0180956,0.0683418,0.0446252,0.0337143,0.0645199,0.0349513,0.133956,0.119878,0.061277,0.00984491,0.268771,0.0299121,0.00843471,0.0242203,0.01081,0.00780807,0.00997581,0.00136652,0.0120146,0.00770341,0.029769
#[j_choice,17]
%0.000958495,0.00279899,0.00481932,0.00449273,0.0139229,0.0340851,0.0231883,0.0872783,0.102397,0.0694351,0.131245,0.0988958,0.138245,0.0261966,0.0319818,0.0451979,0.0419226,0.0425518,0.0138884,0.0307584,0.00945875,0.0217443,0.0245376
#[j_choice,18]
%0,0,0,0,0,0,0,0,0,0,0,0,0,0,0,0,0,0,0,0,0,0,0
#[j_choice,19]
%0,0,0,0,0,0,0,0,0,0,0,0,0,0,0,0,0,0,0,0,0,0,0
#[j_choice,20]
%0.00111988,0.00794628,0.00616111,0.0678289,0.0554545,0.108018,0.0203798,0.086273,0.198345,0.052852,0.0697354,0.0878215,0.0831438,0.0101955,0.065487,0.0184368,0.016708,0.0137208,0,0.0147093,0.00309396,0.0125705,0
#[j_choice,21]
%0,0,0,0,0,0.49869,0,0,0,0.50131,0,0,0,0,0,0,0,0,0,0,0,0,0
#[j_choice,22]
%0.00213748,0.0163847,0.021545,0.00979306,0.0127254,0.0587272,0.110534,0.0755267,0.0226696,0.163257,0.0635717,0.0956198,0.0679416,0.0468906,0.0363821,0.154822,0.00696348,0.00851222,0.0118538,0.00578738,0.000778605,0.00451869,0.00305746
#[j_choice,23]
%0,0.00939109,0.0205255,0.0179104,0.0903235,0.113156,0.139698,0.0718529,0.194315,0.0348644,0.0736775,0.0266835,0.0533147,0.0270408,0.0518037,0.0118733,0.0219548,0.0170803,0.0129187,0,1.90766e-05,0.00447861,0.00711811
#[j_choice,24]
%5.32297e-06,0.00636316,0.00405384,0.0293881,0.0491592,0.063698,0.0475705,0.166326,0.107005,0.131808,0.0961153,0.0180224,0.159257,0.0447795,0.0351455,0.0102346,0.00931972,0.00486799,0.00225508,0.00538587,0.00197078,0.00237778,0.00489168
#[j_choice,25]
%4.20619e-05,0.00245312,0.0117753,0.0195003,0.00280936,0.0799662,0.068844,0.100442,0.156015,0.141666,0.0713829,0.0900493,0.118104,0.056051,0.016802,0.0157222,0.0132532,0.00794389,0.0130046,0,0.0050354,0.00379387,0.00534486
#[j_choice,26]
%0.000425554,0.00135867,0.0268644,0.0379598,0.0104197,0.0171151,0.0244852,0.209658,0.127606,0.137568,0.111439,0.176614,0.0328055,0.00970328,0.0216802,0.014197,6.52789e-06,0.0278934,0.00167905,0.000918936,0,0.00298318,0.00661974
#[j_choice,27]
%0,0.00223228,0.0166062,0.131024,0.0202048,0.196359,0.0394734,0.0364742,0.103659,0.159899,0.0770662,0.0192377,0.0687228,0.018774,0.0519848,0.0391587,0.000138747,0.00496969,3.12844e-08,0.00756527,0.00410205,0.00234749,0
#[j_choice,28]
%0,0,0,0,0.211309,0.0450924,0.0611062,0.0949584,0.118491,0.05022,0.0787712,0.0417371,0.0489668,0.0638104,0.113334,0.016543,0.0396871,0.0105799,0.00314375,0,0.00224869,0,0
#[j_choice,29]
%0,0,0.00946007,0,0,0,0,0,0,0.0121823,0,0,0,0.041622,0,0.820177,0,9.02654e-05,0.107133,0,0,0.00821931,0.00111541
#[j_choice,30]
%0,0,0,0.375926,0.0887252,0.0684221,0.329524,0.081965,0.0171799,2.94909e-05,0.00268199,0,0.000104812,0,0.00654016,0.00723434,0.00511782,0.00192148,0,0.00601915,0.00355381,0.00116886,0.00388538
#[j_choice,31]
%0.00430211,0.0023535,0.097248,0.108704,0.00540388,0.300442,0.110151,0.073868,0.0574513,0.141674,0.0343598,0.015895,0.0119507,0.00893938,0.00648123,0.0106709,0.00418628,0.00322094,0,0.00132819,0,0.00136884,0
#[j_choice,32]
%2.46085e-05,0,0.0111407,0.0488416,0.0109398,0.0260784,0.0370068,0.0862848,0.102252,0.0845947,0.156267,0.106545,0.100293,0.0625249,0.0748633,0.0407557,0.0066829,0.00763103,0.00356294,0.0106488,0.0115829,0.00948327,0.00199505
#[j_choice,33]
%0,0,0,0.0422867,0.0753471,0.145035,0.0303375,0.188428,0.329101,0.0569802,0.0362488,0.0143494,0.0307871,0.00775886,0.0121317,0.0034956,0,0.00297652,0.0109446,0,0.00654967,0,0.00724295
#[j_choice,34]
%0.000186744,0.000181976,0.0470551,0.0535727,0.0406296,0.0802465,0.115561,0.149838,0.109056,0.130975,0.0742375,0.103398,0.0335018,0.0215396,0.00473838,0.00311203,0.0137363,0.00266286,0.00709562,0.00304675,0,0.00375301,0.00187455
#[j_choice,35]
%0,0,0,0,0,0,0,0,0,0,0,0.22043,0.0624197,0.115882,0.0403898,0.147377,0.0588325,0.138382,0.0681836,0.104495,0.0077142,0,0.0358933
#[j_choice,36]
%0,0.0022823,0.086484,0.0836522,0.0244517,0.284059,0.0403444,0.13397,0.0886749,0.0695666,0.017521,0.119129,0.00974228,0.0123671,0.00765148,0.000255414,0.00516753,0.00105327,0.000920927,0.00105224,0.0112905,0,0.000364115
#[j_choice,37]
%0,0.0032911,0.00967675,0.0221575,0.15642,0.221635,0.112206,0.083112,0.262943,0.0312051,0.0547683,0.00821916,0.00143862,0.000287919,0.00620088,0.00150406,0.00322175,0.00386251,0.00653406,0.0080983,0,0.00103836,0.00217978
#[j_choice,38]
%0,0,0.00403946,0.00686094,0.00399891,0.0226754,0.0270466,0.0386496,0.0439719,0.181722,0.14103,0.0911507,0.170858,0.050805,0.06183,0.0973737,0.00811289,0.0161869,0.0174524,0.00485338,0.000923015,0.00405192,0.00640728
#[j_choice,39]
%0.000758354,0,0.0146236,0.025097,0.0196873,0.0341118,0.140047,0.143325,0.0929486,0.102254,0.123431,0.053432,0.153308,0.0196177,0.00318961,0.0476941,0.000149957,0.00218889,0.00348551,0.00368385,0.00122035,0.00316671,0.0125796
#[j_choice,40]
%0.000583295,7.91991e-05,0.00193247,0.0186211,0.0347711,0.0409714,0.138901,0.0896986,0.0647712,0.19957,0.0729442,0.0800188,0.085299,0.0891544,0.0305904,0.00680094,0.00880274,0.0097552,0.00660711,0.000433821,0.00177516,0.00408956,0.0138294
#[j_choice,41]
%0,0.0104858,0.00613047,0.033968,0.0385239,0.037026,0.0579265,0.0931338,0.0658447,0.0522249,0.115047,0.138792,0.103688,0.0346443,0.0613805,0.0311013,0.0118254,0.0378796,0.0166397,0.00774571,0.00372595,0.00990015,0.0323661
#[j_choice,42]
%0.00014344,0.00204024,0.0101218,0.0259266,0.0275824,0.0801663,0.0285482,0.0771097,0.0656116,0.071055,0.082555,0.0410174,0.15456,0.0655986,0.0370603,0.134364,0.0536364,0.00361917,0.00848682,0.0166309,1.33143e-08,0.00488922,0.00927712
#[j_choice,43]
%0.00145107,0.000365342,0.058192,0.0715904,0.0764285,0.0533756,0.132361,0.0588966,0.0626671,0.0960798,0.0571189,0.0678365,0.0571329,0.052574,0.062691,0.0636241,0.00772697,0.00951127,0.00927713,0,0.00109952,0,0
#[j_choice,44]
%0.000583328,0.00045347,0.00839009,0.0162374,0.0355077,0.0320014,0.0469939,0.164105,0.144781,0.198471,0.151908,0.110242,0.0350736,0.00612373,0.00452553,0.0159694,0.0055509,0.00621857,0.00587979,0.000938279,0.00241205,0.00278223,0.0048519
#[j_choice,45]
%0.000651049,0.000354848,0.00189536,0.0251803,0.00920759,0.0691538,0.0422602,0.101599,0.0615081,0.159883,0.0881,0.0921221,0.137884,0.0715331,0.0312449,0.0459454,0.0182207,0.00468547,0.0179003,0.00288761,0.000532221,0.00679408,0.0104561
#[j_choice,46]
%0,0.000100112,0.0569717,0.0194228,3.36428e-05,0.0752131,0.0367988,0.067478,0.149619,0.081372,0.175876,0.122285,0.117416,0.0812843,0,0,0,0,0,0,0,0,0.016129
#[j_choice,47]
%0.00336342,8.24084e-05,0.104659,0.0613797,0.00200029,0.284314,0.0353039,0.0444602,0.105484,0.0339936,0.0667071,0.0390305,0.127922,0.0217438,0.00231631,0.0106082,0.0270512,0.0204976,0.00487786,0.00342702,0.000777802,0,0
#[j_choice,48]
%0,0,0,0,0,0,0,0,0,0,0,0,0,0,0,0,0,0,0,0,0.0661986,0.278832,0.65497
#[j_choice,49]
%1.29259e-05,3.26985e-05,0.0266066,0.0609136,0.0202625,0.0546352,0.0397623,0.150903,0.051772,0.0855408,0.0887264,0.0973743,0.0896942,0.0121146,0.0237236,0.0939904,0.00934905,0.0145869,0.0185213,0.0106669,0.0169485,0.0236954,0.0101666
#[j_choice,50]
%7.55447e-07,0.00541801,0.0223669,0.0801904,0.0958092,0.0794035,0.118418,0.100393,0.181385,0.0724266,0.0701862,0.0714305,0.0241847,0.0127198,0.0167021,0.00966235,0.0265221,0.00750895,0.00300934,0.00226262,0,0,0
#[j_choice,51]
%0,0.000169751,0.0682435,0.0719441,0.000323587,0.28663,0.0717208,0.083555,0.088418,0.092352,0.110117,0.0552636,0.00115208,0.0128621,0.00506995,0.027224,0.00706238,0.0119024,0.000712707,0.00527704,0,0,0
#[j_choice,52]
%0.00151981,0.000991912,0.00328859,0.0704293,0.119327,0.175393,0.117518,0.141653,0.115243,0.125813,0.0424403,0.0158191,0.00146353,0.000264789,0.0215817,0.0117884,0.0122669,0.0057128,0.00649236,0,0.00819794,0,0.00279484
#[j_choice,53]
%0,0,0,0,0,0,0,0,0,0,0,0,0,0,0,0,0,0,0,0,0,0,0
#[j_choice,54]
%0.00119835,1.84128e-07,0.00155742,0.00577282,0.0780228,0.090748,0.0900405,0.075871,0.0615247,0.24641,0.0519101,0.0441013,0.136248,0.0290727,0.000900628,0.0354971,0.00527236,0.00432636,0.0140881,0.0032997,0.00384061,0.0027404,0.0175573
#[j_choice,55]
%0.00136246,0.0013358,0.00270765,0.0309053,0.0111649,0.0557928,0.131165,0.0930402,0.0898779,0.218668,0.0910221,0.00393747,0.124387,0.0368592,0.0194671,0.0557915,0.0144104,0.0031216,0.00729611,0.00319366,0,0.000605951,0.0038878
#[j_choice,56]
%0.00138673,0.00900104,0.0196429,0.0377962,0.0629772,0.122223,0.083219,0.0843899,0.115211,0.099673,0.0808418,0.149026,0.0487386,0.0273901,0.00311662,0.0128113,0.0153274,0.00432451,0.00760492,0.00327982,0.00250154,0.00168566,0.00783157
#[j_choice,57]
%0,0,0,0,0,0,0,0,0,0,0,0,0,0,0,0,0,0,0,0,0,0,0
#[j_choice,58]
%0,0,0.00639338,0.00550709,0.03737,0.0305883,0.0464952,0.10525,0.228857,0.153022,0.0951871,0.183079,0.0243809,0.0290562,0.00943299,0.00455439,0.00740365,0.00926711,0,0.00424424,0.00423754,0,0.0156733
#[j_choice,59]
%0,0.00738294,0.00925949,0.00858423,0.041329,0.0657335,0.0885968,0.143121,0.144695,0.12035,0.121842,0.123616,0.0318799,0.0305357,0.00600749,0.0168024,0.00925015,0.00517056,0.00718643,0.00521266,0.00101654,2.15091e-05,0.012406
#[j_choice,60]
%0.00171649,0.00203402,0.00693466,0.00384498,0.0345409,0.073624,0.129482,0.152778,0.156571,0.205693,0.0613532,0.0435469,0.0323994,0.031186,0.0135376,0.0175775,0.00910484,0.00143212,0.0123711,0.00402594,0,0.000339804,0.00590666
#[j_choice,61]
%0,0,0,0,0,0,0,0,0,0,0,0,0,0,0,0,0,0,0,0,0,0,0
#[j_choice,62]
%0.000833147,0,0.00856333,0.00436874,0.0138943,0.0359086,0.106373,0.148079,0.0829931,0.183913,0.152713,0.126721,0.0510741,0.0149157,0.0270975,0.0138499,0.00408578,0.00310561,0.0099922,0.00453607,0,0.00414274,0.00284057
#[j_choice,63]
%0,0,0,0.000515191,0.245329,0.193256,0.000772679,0.0921861,0.216162,0.0716167,0.0557735,0.0611842,0,0.0632044,0,0,0,0,0,0,0,0,0
#[j_choice,64]
%0,0,0,0.0181736,0,0.198332,0.190601,0.109357,0.102233,0.2195,0,0,0.0100154,0,0.00917415,0.00874754,0.0100052,0.000197464,0.0684988,0.0211382,0.00897362,0,0.0250524
#[j_choice,65]
%0,0,0,0,0,0,0.0432514,0.170882,0.103476,0.0895487,0.0189334,0.431175,0.0238048,0.0351027,0.00320999,0.00913005,0.0221726,0.0119426,0.0175552,0.00821232,0.00418739,0,0.0074155
#[j_choice,66]
%0.000221088,0.000627637,0.0187,0.0758699,0.0308606,0.256939,0.0540034,0.0733837,0.117476,0.101474,0.0299587,0.066495,0.0846266,0.0414329,0.00925047,0.0183322,0.00210659,0.00121336,0.0063492,0.00258553,0,0.00167118,0.00642234
#[j_choice,67]
%0,0.00101843,0.000987437,6.98757e-19,0,0.0332078,0.0717021,0.129973,0.175538,0.0965992,0.198258,0.0643115,0.090902,0.0690404,0.0136982,0.0137348,0.0176952,0.00905893,0.00661386,0,0,0,0.00766073
@vj_ins
$Dim[41]
#
%0.0189291,0.0303541,0.0652999,0.104646,0.140618,0.113308,0.0998114,0.0896481,0.0713409,0.064309,0.0532052,0.0434381,0.0311781,0.0236366,0.0168362,0.0131584,0.00666173,0.00421697,0.00373988,0.00188316,0.0014245,0.00104438,0.000452429,0.000227138,0.000202455,6.64942e-05,0.000161981,5.16505e-05,3.24858e-05,6.67986e-05,0,2.15535e-05,2.90884e-05,0,0,0,0,0,0,0,0
@vj_dinucl
$Dim[16]
#
%0.266754,0.210913,0.349018,0.173315,0.128974,0.43874,0.215691,0.216595,0.224044,0.160804,0.461311,0.153842,0.236997,0.295747,0.21103,0.256226
