@v_choice
$Dim[89]
#
%0.00718311,0.0140787,0.0103322,1.13322e-05,0.00569024,0.00946327,0.00675101,0.00260966,0.00831191,0,0.00921168,0.0184058,0.00382581,0.00904705,0.0151391,0.0110178,0.000135527,0.0118288,0.0305112,0.0197559,5.12782e-14,0.0100565,0,0.000331509,0,0.0138228,0.0312761,0.0104209,0.00730426,0.0640276,0.0234754,0.0382458,0.0122699,0,0.0449373,0.0268291,0.0185034,0.00129892,0.0128085,0.00764509,0.00920685,0.00970641,0.0134627,0.00582079,0.000693623,0.0169432,0.00861577,0.00829292,0.00392151,0.051372,0.0059943,0.00425826,0.00952892,0.00651791,0.00653344,0.0186758,0.00229195,0.00396002,0.0254554,0.0157057,0.0111019,0.0317707,0.0385785,0.00584249,0.00443443,0.00614634,0.00281354,0.00221072,2.8892e-17,0.0106369,0.00828367,0,4.27708e-06,0.031384,0,0,0,0.0115482,0.00903708,0.00323568,0.00308197,0.00774915,3.48743e-06,0.0116271,0.00865882,0.00782822,0.00562867,8.18164e-05,0.0347917
@j_choice
$Dim[15]
#
%0.110039,0.0944495,0.0304607,0.0441088,0.101458,0,0.0326351,0.121073,0.0589023,0.0796366,0.0223068,0.0794446,0.0161525,0.209275,5.82422e-05
@d_gene
$Dim[15,3]
#[j_choice,0]
%0.766313,1.57374e-05,0.233671
#[j_choice,1]
%0.784431,0.000158633,0.215411
#[j_choice,2]
%0.731367,1.84341e-08,0.268633
#[j_choice,3]
%0.790182,0.00117606,0.208642
#[j_choice,4]
%0.786057,2.88265e-06,0.21394
#[j_choice,5]
%0,0,0
#[j_choice,6]
%0.757297,6.26266e-06,0.242697
#[j_choice,7]
%0.257863,0.427795,0.314341
#[j_choice,8]
%0.439327,0.289596,0.271077
#[j_choice,9]
%0.311212,0.371982,0.316807
#[j_choice,10]
%0.450347,0.190911,0.358742
#[j_choice,11]
%0.420769,0.281511,0.29772
#[j_choice,12]
%0.654263,0.0591513,0.286586
#[j_choice,13]
%0.492422,0.22124,0.286338
#[j_choice,14]
%0.070029,0.0827931,0.847178
@v_3_del
$Dim[89,21]
#[v_choice,0]
%0,0,0.0458493,0.0755749,0.136036,0.171112,0.0575475,0.0932626,0.167328,0.0821703,0.0411787,0.0139819,0.0617037,0.00334708,0.0262757,0,0.00458688,0.0200454,0,0,0
#[v_choice,1]
%0.000791278,0,0.000125436,0.017589,0.025911,0.022821,0.0832518,0.0990045,0.0843821,0.059129,0.146217,0.142,0.141064,0.0488328,0.0623973,0.0372249,0.0113721,0.00148578,0.0164007,0,0
#[v_choice,2]
%0.000980235,0,9.55066e-05,0.0208694,0.0291277,0.0241914,0.0960355,0.105716,0.0840744,0.0564496,0.16136,0.145942,0.140736,0.04094,0.059782,0.0337009,0,0,0,0,0
#[v_choice,3]
%0.893733,0,0.0868352,0.0194315,0,0,0,0,0,0,0,0,0,0,0,0,0,0,0,0,0
#[v_choice,4]
%0,0,0,0.0269029,0.0268768,0.00970271,0.123435,0.0643176,0.0560989,0.0969282,0.114183,0.20136,0.119977,0.0180879,0.0701592,0.0373188,0.0087818,0.0131384,0.0127316,0,0
#[v_choice,5]
%0,0,0.0074477,0.0164306,0.030647,0.0273384,0.0560089,0.0689198,0.11664,0.0469366,0.111195,0.156305,0.0869571,0.0504172,0.0816427,0.0951933,0,0,0.0479207,0,0
#[v_choice,6]
%0,0,0.00824357,0.0185098,0.0321788,0.0258168,0.0613192,0.0736133,0.126203,0.0395171,0.124738,0.170206,0.0850549,0.044101,0.0856473,0.104852,0,0,0,0,0
#[v_choice,7]
%5.06775e-05,0,0,0.00145011,0,0.0903011,0.232137,0.0419547,0.135187,0.309656,0.0516889,0.0368017,0.0733074,0,0.0113293,0,2.96628e-29,0,0.0161361,0,0
#[v_choice,8]
%0,0,1.19564e-05,0.028694,0.0129031,0.126741,0.128448,0.0755001,0.149232,0.292113,0.0756567,0.0296036,0.0215317,0.0205944,0.0166219,0.0170826,0,0,0.0052651,1.4835e-13,0
#[v_choice,9]
%0,0,0,0,0,0,0,0,0,0,0,0,0,0,0,0,0,0,0,0,0
#[v_choice,10]
%0,0,0.032535,0.0188716,0.0252698,0.144329,0.105259,0.0820155,0.135526,0.305438,0.0602203,0.0263225,0.021041,0.00161227,0.0114765,0.0181394,0,0,0.0119446,0,0
#[v_choice,11]
%0,0.00570242,0.00426575,0.0512982,0.00909789,0.121501,0.098856,0.080777,0.117459,0.299527,0.0575553,0.0480594,0.0421256,0.0156606,0.0170459,0.00733681,0.0108285,0.0129032,0,0,0
#[v_choice,12]
%0,0,0.0103811,0,0.000161344,0.199988,0.055017,0.0870397,0.0898689,0.356845,0.0850626,0,0.115636,2.44274e-21,0,0,0,0,0,0,0
#[v_choice,13]
%0,0,0.00840998,0.0455275,0.0427342,0.159593,0.132369,0.0940913,0.120744,0.321314,0,0,0,0.0401936,0,0,0.0350234,7.21576e-09,0,0,0
#[v_choice,14]
%0,0,0.00289044,0,0,0.0253074,0.080315,0.140984,0.0834138,0.146032,0.234944,0.117459,0.0708905,0.0112526,0.0344013,0.019688,0,0.0324212,9.45369e-11,0,0
#[v_choice,15]
%0,0,0.00311675,0,0,0.0305389,0.0956223,0.159374,0.0825704,0.159471,0.256917,0.102642,0.0601993,0.00652903,0.0333947,0.00962538,0,0,0,0,0
#[v_choice,16]
%0,0,0.253379,0,0,0.177737,0.395603,0.100574,6.20804e-07,0.0641859,0.0085213,2.23317e-25,0,0,0,0,0,0,0,0,0
#[v_choice,17]
%0,0,0.0548019,0.0690699,0.0309601,0.042708,0.148598,0.0872918,0.12299,0.120758,0.131752,0.0921014,0.0272693,0.0216367,0.0199232,0.00642562,0.0237149,5.31427e-31,0,0,0
#[v_choice,18]
%0,0,0,0,0,0.0156644,0.00972445,0,0,0.88284,0.0314572,0.0167474,0.0245814,0.00543797,0.0135468,0,1.21358e-08,0,0,0,0
#[v_choice,19]
%0.00128432,0.000238725,0,0.108461,0.0990636,0.168918,0.0630758,0.135852,0.182066,0.0884441,0.0549908,0.0331181,0.023565,0.0146358,0.0114342,0.00759826,0.000121523,0.0026265,0.00450596,0,0
#[v_choice,20]
%0,0,0,0,0,0,0,0,0,0,0,1,3.12292e-13,9.95493e-33,0,0,0,0,0,0,0
#[v_choice,21]
%0,0,0.0100526,0.134097,0.0312334,0.173905,0.0879609,0.164037,0.0515198,0.176881,0.0229012,0.00560926,0.0843568,0.0213683,0.0112704,0.013125,0.0116828,0,0,0,0
#[v_choice,22]
%0,0,0,0,0,0,0,0,0,0,0,0,0,0,0,0,0,0,0,0,0
#[v_choice,23]
%0,0,0,0.15737,0.0211002,0.187235,0,0.00105155,0.128254,0.304955,0.200035,8.2659e-27,0,0,0,0,0,0,0,0,0
#[v_choice,24]
%0,0,0,0,0,0,0,0,0,0,0,0,0,0,0,0,0,0,0,0,0
#[v_choice,25]
%0,0.00346608,0,0.0224644,0.00284757,0.112641,0.178632,0.232172,0.158639,0.0686741,0.12596,0.00693427,0.0539669,0.00114936,0.0206517,0.00397261,0,0,8.25603e-48,0.00546661,0.00236241
#[v_choice,26]
%0.000906194,0,0.00312253,0.0136793,0.00910058,0.0403204,0.0201524,0.163542,0.0599959,0.154521,0.0965073,0.12728,0.0635503,0.0948262,0.0645306,0.0570427,0,0,0.0108905,0.00163441,0.0183974
#[v_choice,27]
%0.00530591,0.000275812,0.00306017,0.00938692,0.010665,0.0219025,0.0595055,0.0763503,0.113798,0.0670986,0.197618,0.127415,0.115903,0.0574863,0.0409415,0.0280321,0.0263662,0.0388904,0,0,0
#[v_choice,28]
%0.00558066,9.61505e-05,0.00307259,0.0110556,0.0128632,0.0263191,0.0722916,0.0860363,0.126743,0.068907,0.2282,0.128457,0.113424,0.0511702,0.0375894,0.0281944,0,0,0,0,0
#[v_choice,29]
%0,0.00669253,0.014482,0.0668876,0.0263156,0.101593,0.06186,0.187771,0.0475163,0.14554,0.192513,0.0376007,0.0337207,0,0.0469029,0.0127527,0.0178519,0,0,0,0
#[v_choice,30]
%0.000228937,3.05127e-05,0,0.0564821,0.067685,0.0836897,0.0946504,0.149283,0.150359,0.0463128,0.10122,0.0994954,0.0601567,0.0282742,0.0224027,0.0277206,0.00382231,0,0.00818696,0,0
#[v_choice,31]
%0,0,0.00931359,0.00934639,0.0491674,0.0628671,0.0599547,0.0955026,0.128686,0.128689,0.0445508,0.0855565,0.091619,0.107511,0.0645602,0.0101311,0.0302167,0.00880732,0.013521,0,0
#[v_choice,32]
%0,0.00412423,2.60098e-07,0.0166819,0.0411334,0.12493,0.0578931,0.13084,0.133408,0.0693136,0.0933147,0.111078,0.0968645,0.0359808,0.0363819,0.0206047,0.00736497,0.0200866,0,0,0
#[v_choice,33]
%0,0,0,0,0,0,0,0,0,0,0,0,0,0,0,0,0,0,0,0,0
#[v_choice,34]
%0,0,0,0.0139839,0.000488819,0.0588169,0.0700045,0.101523,0.115396,0.18789,0.12726,0.124311,0.085712,0.0310372,0.0375189,0.0262316,0.00609384,0.00644701,0.00728497,0,0
#[v_choice,35]
%0,0,0.000185389,0.00659194,0.0241503,0.0380712,0.0667057,0.133945,0.0847696,0.142489,0.195378,0.108629,0.0717581,0.0334125,0.0419399,0.0234226,0.0108646,0.0176866,0,0,0
#[v_choice,36]
%0.0010926,0.00115425,0.0105432,0.0145495,0.00652473,0.0347894,0.0278563,0.104924,0.198558,0.0867468,0.138981,0.210687,0.110119,0,0.0311182,0.00549961,0.0168558,0,0,0,0
#[v_choice,37]
%0.0121314,0.0144815,0.0214786,0.0969802,0.0632042,0.175589,0.102085,0.13461,0.307418,0,0.024421,0.0468891,0.000712356,0,0,0,0,0,0,0,0
#[v_choice,38]
%0.00134971,0,0,0.0809036,0.0748914,0.179734,0.0979002,0.0871948,0.20947,0.102837,0.0520872,0.0342362,0.0112837,0.0194514,0.0141435,0.0128746,0.010042,0.0116011,0,0,0
#[v_choice,39]
%0.00199217,0,0,0.115228,0.100076,0.216707,0.10549,0.081845,0.210492,0.0688313,0.0337153,0.0319629,0.0108325,0.0052924,0.0109032,0.0066335,0,0,0,0,0
#[v_choice,40]
%0.00165423,0,0,0.0956723,0.0830881,0.181861,0.0875474,0.127666,0.223095,0.0697112,0.0287037,0.0408939,0.0260972,0.00548132,0.0216874,0.0068419,0,0,0,0,0
#[v_choice,41]
%0.0015691,0,0,0.0907854,0.078941,0.17249,0.0830735,0.118307,0.208949,0.0646416,0.0265835,0.0379797,0.0696136,0.0147372,0.0250624,0.00726783,0,0,0,0,0
#[v_choice,42]
%0,0,0.0469146,0.0777351,0.0534144,0.081018,0.122486,0.13447,0.137817,0.166708,0.037117,0.0441038,0.0552883,0.00464315,0.000972597,0.0373122,0,0,0,0,0
#[v_choice,43]
%0,0,0.0312073,0.0406668,0.0156288,0.0586266,0.123649,0.119953,0.203494,0.14827,0.092774,0.0802199,0.047918,0.0375924,3.58279e-12,0,0,0,0,0,0
#[v_choice,44]
%0,0,0.238342,0.253704,0.00435749,0.115571,0.0698886,0.203561,0.0267773,0.0872976,0.000500816,0,0,0,0,0,0,0,0,0,0
#[v_choice,45]
%0,0,0.00890731,0.121781,0.120583,0.188003,0.0547194,0.129987,0.175892,0.0721011,0.0382982,0.0202674,0.0282983,0.0176274,0.0133449,0.00936397,0.000826049,2.07578e-16,0,0,0
#[v_choice,46]
%0,0.00918677,7.27307e-05,0.145346,0.0546553,0.262702,0.0756288,0.106841,0.169993,0.0609133,0.0308379,0.0253511,0.022514,0.00647867,0.00738976,0,0,0.0220897,0,0,0
#[v_choice,47]
%0.000696997,0,2.89161e-05,0.11076,0.108876,0.157692,0.0910198,0.105248,0.223227,0.0935243,0.00991016,0.0302239,0.0364745,0.00165194,0.016401,0.0142655,1.06389e-31,0,0,0,0
#[v_choice,48]
%0.00141982,0,3.68982e-06,0.196446,0.178101,0.250911,0.0970702,0.097868,0.124484,0.0332307,0.0054534,0.00672423,0.00827721,0,1.10408e-05,0,0,0,0,0,0
#[v_choice,49]
%0,2.01169e-05,0.00932067,2.13894e-05,0.112091,0.138897,0.0819958,0.159397,0.265163,0.0659649,0.0423859,0.0593433,0.0154355,0.0246282,0.0149327,0.0028219,0.00212868,0.0054522,0,0,0
#[v_choice,50]
%0,0,0.0135715,0.000202211,0.059033,0.130557,0.0751704,0.128242,0.29159,0.072006,0.0681236,0.0363399,0.0325826,0,0.00144931,0.0697486,0.0213838,0,0,0,0
#[v_choice,51]
%0,0,0.0172518,7.59215e-05,0.0749759,0.151324,0.0757761,0.103195,0.377534,0.0590088,0.060127,0.0305871,0.0287751,0,0.0213696,0,0,0,0,0,0
#[v_choice,52]
%0,0,0.0136108,0,0.0920032,0.116684,0.0858189,0.161949,0.302215,0.0639477,0.0536357,0.0307881,0.00978305,0.0128422,0.0224159,0.00518284,0.0291229,0,0,0,0
#[v_choice,53]
%0,0,0.0179853,0,0.11961,0.139983,0.0893157,0.187145,0.310128,0.0467735,0.0457225,0.0296816,0.00808275,0.00428584,0.00128616,0,0,0,0,0,0
#[v_choice,54]
%0,0,0.0185885,0.0118136,0.0639553,0.190399,0.126128,0.118963,0.284881,0.0757527,0.0475781,0.0214663,0.00188477,0.0156859,0.0186041,0.00429938,7.40289e-39,0,0,0,0
#[v_choice,55]
%0,0,0.0139542,0.0056694,0.110737,0.142485,0.0756509,0.168929,0.286165,0.068483,0.0386388,0.0477676,0.016004,0.000740565,0.01427,0.00361724,0.00688863,1.80852e-22,0,0,0
#[v_choice,56]
%0,0,0,0,0.0947264,0.121859,0.12758,0.191915,0.341888,0.0483429,0,0.0736896,0,0,2.10786e-13,0,0,0,0,0,0
#[v_choice,57]
%0,0,0.00800409,0,0.114261,0.114677,0.122014,0.0780874,0.387619,0.042293,0,0.0981285,0.00893543,0.0130965,0.000914007,0.0119697,5.62833e-10,0,0,0,0
#[v_choice,58]
%0.00211983,0.00290471,0.00825823,0.0115907,0.0219474,0.0303165,0.103603,0.104413,0.0966047,0.151049,0.165529,0.0997977,0.0873079,0.029157,0.0353029,0.028073,0,0,0.00469481,0.00463547,0.0126954
#[v_choice,59]
%0,0,0.0108501,0.018585,0.0289318,0.0077136,0.104195,0.157899,0.0795426,0.123174,0.165376,0.12267,0.0669855,0.0206221,0.0361171,0.0139668,0.0231058,0.0202644,1.99939e-07,0,0
#[v_choice,60]
%0,0,0.0131276,0.0213855,0.0331242,0.00565976,0.125064,0.180082,0.0735641,0.129517,0.178394,0.116756,0.0593889,0.0164537,0.0381152,0.00936903,0,0,0,0,0
#[v_choice,61]
%0,0,0.0348766,0.0205196,0.0509393,0.0148874,0.123124,0.111582,0.093549,0.0580384,0.174183,0.124857,0.0818208,0.0296891,0.0416758,0.0202913,0.00767745,0.0122882,1.7812e-29,0,0
#[v_choice,62]
%0,0,0.0360601,0.0217652,0.0251153,0.00656111,0.154202,0.134836,0.0748824,0.102225,0.199136,0.0940994,0.0552317,0.0203875,0.0363639,0.0244987,0.00611496,0,0.00852197,0,0
#[v_choice,63]
%0,0,0.0223869,0.0364661,0.00349836,0.0311066,0.163421,0.132488,0.0806659,0.0813975,0.183559,0.111905,0.0356181,0.0457778,0.0338938,0.0190052,0,0,0.0188111,0,0
#[v_choice,64]
%0,0,0.0275072,0.0417391,0.00284716,0.0334147,0.19149,0.13498,0.0710149,0.0748656,0.193738,0.100971,0.0256147,0.0416398,0.0301698,0.0166549,0,0,0.0133529,0,0
#[v_choice,65]
%0,0,0.0398445,0.00381372,0.0474772,0.0785245,0.166575,0.134188,0.0418189,0.104698,0.144051,0.0648063,0.056003,0.0177241,0.0498125,0.0148465,0.00223893,0.00852864,0.0250487,1.69408e-24,0
#[v_choice,66]
%0,0,0.0136324,0.0509292,0.0146821,5.18432e-05,0.101069,0.0984269,0.0644111,0.13454,0.199846,0.21215,0.0436586,0.0168302,0.0456288,0.00414405,7.78197e-24,0,0,0,0
#[v_choice,67]
%0,0,0,0,0.0476953,0.0559199,0.0470598,0.359439,0.489886,0,0,0,0,0,0,0,0,0,0,0,0
#[v_choice,68]
%0,0,0,0,0,0,0,1,1.60958e-13,0,0,0,0,0,0,0,0,0,0,0,0
#[v_choice,69]
%0.000368376,0,0.00890583,0.00677775,0,0.132879,0.123144,0.0693898,0.173306,0.295234,0.0445224,0.0489018,0.0267328,0.0179846,0.00465424,0.0188481,0.0156167,0,0.0127349,0,0
#[v_choice,70]
%0.000474955,0,0.010743,0.00808166,0,0.151078,0.123508,0.0599314,0.178587,0.308001,0.0527724,0.0516984,0.0226379,0.0157589,0.00314749,0.0135805,0,0,0,0,0
#[v_choice,71]
%0,0,0,0,0,0,0,0,0,0,0,0,0,0,0,0,0,0,0,0,0
#[v_choice,72]
%1,0,1.93041e-08,1.84608e-10,6.22713e-19,1.82252e-24,1.73288e-33,0,2.35521e-32,0,0,0,0,0,0,0,0,0,0,0,0
#[v_choice,73]
%0,0,1.00093e-05,0.0143021,0,0.0556848,0.0881685,0.0359576,0.0548755,0.566666,0.0593726,0.0419256,0.0518201,0.0104055,0.00740441,0.00149754,0.00768803,0.00422145,0,0,0
#[v_choice,74]
%0,0,0,0,0,0,0,0,0,0,0,0,0,0,0,0,0,0,0,0,0
#[v_choice,75]
%0,0,0,0,0,0,0,0,0,0,0,0,0,0,0,0,0,0,0,0,0
#[v_choice,76]
%0,0,0,0,0,0,0,0,0,0,0,0,0,0,0,0,0,0,0,0,0
#[v_choice,77]
%0,0,0.00270458,0.00946815,0,0.118737,0.0756774,0.0702846,0.0227805,0.578735,0.0391336,0.0306125,0.0289963,0.0150171,0,0.00651561,0,0,0.00133788,0,0
#[v_choice,78]
%0,0,0.00294557,0.0246986,0.000730547,0.168398,0.13862,0.0784817,0.128623,0.256081,0.0651515,0.0330977,0.0515858,0.00348283,0.0229544,0.00642482,0.0187248,7.56282e-17,0,0,0
#[v_choice,79]
%0,0,0.0155839,0.00314006,0.00109101,0.0808296,0.119378,0.0928268,0.120697,0.323889,0.0670591,0.0279798,0.0516973,0,0.0128574,0.00163252,0.081338,0,0,0,0
#[v_choice,80]
%0,0,0,0.0766286,0,0.126236,0.225354,0.0599376,0.131879,0.249663,0.0562296,0.02376,0.0503123,0,0,0,1.15917e-25,0,0,0,0
#[v_choice,81]
%0,0,0,0.0174006,0,0.147854,0.0946373,0.067829,0.163878,0.332995,0.0565136,0.037208,0.0312302,0.00567609,0.0295666,0.0152096,1.39373e-06,0,0,0,0
#[v_choice,82]
%0,0,0,0,0,0.0705628,0.918503,0,0.0109339,1.55599e-29,0,0,0,2.77519e-27,0,0,0,0,0,0,0
#[v_choice,83]
%2.23194e-05,0.00167752,0.000820973,0.0100505,0,0.084418,0.0999297,0.0684871,0.0888893,0.344934,0.0795218,0.0651051,0.0640506,0.0103269,0.0337381,0.011979,0,0.014586,0.0214628,3.67317e-09,0
#[v_choice,84]
%3.2998e-05,0.00181422,0.000926061,0.0121125,0,0.0978695,0.105536,0.0639989,0.0900011,0.379612,0.0595654,0.0535501,0.0549978,0.00368392,0.0310592,0.00979429,0,0.0142403,0.0212056,0,0
#[v_choice,85]
%3.64992e-05,0.00200671,0.00102432,0.0133977,0,0.108284,0.116211,0.0705602,0.0869652,0.354341,0.0604303,0.0586168,0.0606892,0.00406678,0.0343791,0.00936297,0,0.00208374,0.0175447,0,0
#[v_choice,86]
%7.00892e-05,0.00285293,0.00145945,0.0188325,0,0.152358,0.151932,0.0830252,0.117072,0.339478,0.0611392,0.0394713,0.00671441,0.000575129,0.0152933,0.00972651,0,0,1.8462e-34,0,0
#[v_choice,87]
%0.00533145,0,0,0,0,0.181551,0.243599,0.23747,0.332048,1.0304e-20,6.87186e-23,1.0292e-26,0,0,3.95893e-34,0,0,0,0,0,0
#[v_choice,88]
%0.00098919,0,0.00862138,0,0.173515,0.0591972,0.0504504,0.150542,0.327589,0.0420831,0.0659821,0.0638667,0.0183415,0.00976935,0.0112855,0.0113207,0.00644632,0,0,0,0
@d_5_del
$Dim[3,21]
#[d_gene,0]
%0.000177097,0.000142571,0.0623641,0.0136475,0.0810495,0.112941,0.161463,0.0905012,0.198363,0.0796649,0.0666923,0.0925117,0.0196692,0.0207125,9.98292e-05,1.03251e-27,7.70474e-28,0,0,0,0
#[d_gene,1]
%0.000134594,0.000352841,0.0528744,0.0171918,0.0911455,0.103905,0.127064,0.0532075,0.19976,0.1035,0.0279997,0.0113638,0.0038776,0.174661,0.0258632,0.0030366,0.00246114,0.000997041,0.00060375,2.41902e-30,3.94857e-29
#[d_gene,2]
%0.000345284,0.000844472,0.0218369,0.00125253,0.01311,0.0209584,0.0557314,0.0665136,0.0915494,0.133839,0.0423554,0.0537146,0.210144,0.0869268,0.0336825,0.0954956,0.0263872,0.0272263,0.0180866,8.30755e-19,1.63199e-19
@d_3_del
$Dim[3,21,21]
#[d_gene,0],[d_5_del,0]
%0,0,0,0,0,0,0,0.666013,0.333987,0,0,0,0,0,0,0,0,0,1.74422e-09,1.00892e-16,1.78659e-39
#[d_gene,0],[d_5_del,1]
%0,0,0,0,0,0,0,0,0.89421,0.000128509,0,0,0,0,0,0,0.105661,0,0,0,0
#[d_gene,0],[d_5_del,2]
%0,0,0.00790534,0.00015131,0.0288228,0,0.102159,0.287119,0.0501889,0.211453,0.111083,0.142786,0,0.0583321,0,0,0,0,0,0,0
#[d_gene,0],[d_5_del,3]
%0,0,0,0,0.0429616,0.000694335,0.0827453,0.265805,0.057529,0.202167,0.177636,0.170462,0,1.92509e-12,0,0,0,0,0,0,0
#[d_gene,0],[d_5_del,4]
%0,0.000530331,0.00177157,0,0.0386815,0.000791427,0.0924882,0.245329,0.03356,0.294073,0.106541,0.184437,0,0.00179794,0,0,0,0,0,0,0
#[d_gene,0],[d_5_del,5]
%0,1.84258e-05,0.000568742,0,0.0509775,3.1959e-05,0.0535527,0.270103,0.10743,0.249246,0.0376864,0.22983,0.00048614,6.89584e-05,0,0,0,0,0,0,0
#[d_gene,0],[d_5_del,6]
%0,0,0.00644833,2.72366e-12,0.0434909,0.000438552,0.0518966,0.283658,0.128708,0.22786,0.036591,0.130892,0.090017,0,0,0,0,0,0,0,0
#[d_gene,0],[d_5_del,7]
%0,0,0.00576564,0.00170133,0.0918235,0.000263076,0.119374,0.437117,0.115909,0.0820197,0.058799,0.0872272,0,0,0,0,0,0,0,0,0
#[d_gene,0],[d_5_del,8]
%0,0,0.00522242,0.00449493,0.0488252,0.00526454,0.0834063,0.311321,0.0853209,0.206815,0.24933,0,0,0,0,0,0,0,0,0,0
#[d_gene,0],[d_5_del,9]
%0,3.43099e-05,0.00898114,0.000817953,0.0877,0.0400377,0.14778,0.381523,0.177838,0.155288,1.92541e-14,0,0,0,0,0,0,0,0,0,0
#[d_gene,0],[d_5_del,10]
%0,0,0.0217475,0.00310127,0.294274,0.161059,0.412976,0.0848109,0.0220312,0,0,0,0,0,0,0,0,0,0,0,0
#[d_gene,0],[d_5_del,11]
%2.94628e-05,0,0.0152939,1.67724e-05,0.0892893,0.811726,0.0683916,0.0152531,0,0,0,0,0,0,0,0,0,0,0,0,0
#[d_gene,0],[d_5_del,12]
%1.29066e-06,0.000271429,8.11063e-06,0,0.419653,0.526512,0.053554,0,0,0,0,0,0,0,0,0,0,0,0,0,0
#[d_gene,0],[d_5_del,13]
%0,0.00223279,0.0100552,0.000491534,0.803014,0.184207,0,0,0,0,0,0,0,0,0,0,0,0,0,0,0
#[d_gene,0],[d_5_del,14]
%0,0,0.492701,0,0.507299,0,0,0,0,0,0,0,0,0,0,0,0,0,0,0,0
#[d_gene,0],[d_5_del,15]
%0,0,0,0,0.999941,5.89554e-05,0,0,0,0,0,0,0,0,0,0,0,0,0,0,0
#[d_gene,0],[d_5_del,16]
%0,0,0,0,1,0,0,0,0,0,0,0,0,0,0,0,0,0,0,0,0
#[d_gene,0],[d_5_del,17]
%0,0,0,0,0,0,0,0,0,0,0,0,0,0,0,0,0,0,0,0,0
#[d_gene,0],[d_5_del,18]
%0,0,0,0,0,0,0,0,0,0,0,0,0,0,0,0,0,0,0,0,0
#[d_gene,0],[d_5_del,19]
%0,0,0,0,0,0,0,0,0,0,0,0,0,0,0,0,0,0,0,0,0
#[d_gene,0],[d_5_del,20]
%0,0,0,0,0,0,0,0,0,0,0,0,0,0,0,0,0,0,0,0,0
#[d_gene,1],[d_5_del,0]
%0,0,0,0.891723,0,0,0,0,0,0,0,0,0,0,0.108277,0,0,0,0,0,0
#[d_gene,1],[d_5_del,1]
%0,0,0,0,0,0,0,0,0,0,0,0,0,0.00010095,0,0,0,0,0,0,0.999899
#[d_gene,1],[d_5_del,2]
%0,0,0,0.0527337,0.00578868,0.0134059,0.00198172,0,0.090105,0.131978,0.044246,0.0521179,0.356127,0.0423442,0.0645331,0.144639,0,0,0,0,5.46616e-30
#[d_gene,1],[d_5_del,3]
%0,0,0.0317879,0,0.00635878,0.0060126,0,0,0.0887243,0.0693769,0,0.204521,0.220211,0.00458755,0.154299,0.21412,0,0,0,0,0
#[d_gene,1],[d_5_del,4]
%0,0,0.00894222,0.0169277,0,0.0232706,1.63811e-06,0,0.323801,0.146183,0.0678259,0.0429653,0.188389,0.00845757,0.111622,0.0616136,0,0,0,0,0
#[d_gene,1],[d_5_del,5]
%0,0,0.0297688,0.0110819,0.00227288,0.0326465,7.79178e-06,0,0.421959,0.12312,0.0750103,0.0387303,0.14774,0.060957,0.0325052,0.024201,0,0,0,0,0
#[d_gene,1],[d_5_del,6]
%0,0,0.00949951,0.0326057,0.00218489,0.0359347,0.000390497,0,0.332495,0.137946,0.0549392,0.0536373,0.281838,0.000774939,0.0384881,0.0160246,0.00324146,0,0,0,0
#[d_gene,1],[d_5_del,7]
%0,0,0.0390076,0.0362584,0,0.0207944,0.00325559,0,0.184583,0.186074,0.0995354,0.0266246,0.354146,0.00103813,0.0161624,0.0325206,3.05483e-50,0,0,0,0
#[d_gene,1],[d_5_del,8]
%0,0,0.0148348,0.0109365,0,0.000877903,0,0,0.447862,0.160157,0.0697471,0.0509064,0.188495,0.00111823,0.0550653,0,0,0,0,0,0
#[d_gene,1],[d_5_del,9]
%0,0,0.00158263,0,0,0,0,0,0.51657,0.146977,0.0574796,0.00341843,0.224901,0.0490708,6.67316e-23,0,0,0,0,0,0
#[d_gene,1],[d_5_del,10]
%0,0,0,0.000145867,0.00075091,0.0301517,0.00655687,0.0488553,0.0612592,0.442822,0.120489,0.0127555,0.276214,0,0,0,0,0,0,0,0
#[d_gene,1],[d_5_del,11]
%0,0,0,0,0,0.0478001,0.131768,0.107688,0.358096,0.338719,0.0159294,9.11369e-08,0,0,0,0,0,0,0,0,0
#[d_gene,1],[d_5_del,12]
%0,0,0,0,0,0.0295638,0.0421269,0.409286,0.161882,0.186346,0.170796,0,0,0,0,0,0,0,0,0,0
#[d_gene,1],[d_5_del,13]
%0,0,0.0922576,0.112555,0.288108,0.319712,0.0818658,0.105501,5.61909e-08,2.04111e-25,0,0,0,0,0,0,0,0,0,0,0
#[d_gene,1],[d_5_del,14]
%0,0.0859596,0.393221,0.52082,0,0,0,1.86206e-26,0,0,0,0,0,0,0,0,0,0,0,0,0
#[d_gene,1],[d_5_del,15]
%0.754011,0,0.245989,0,0,4.64166e-09,1.53972e-33,1.27364e-47,0,0,0,0,0,0,0,0,0,0,0,0,0
#[d_gene,1],[d_5_del,16]
%0.598568,0.365374,0.036058,1.0091e-29,0,0,0,0,0,0,0,0,0,0,0,0,0,0,0,0,0
#[d_gene,1],[d_5_del,17]
%0,0.867873,0.116889,0.0152383,0,0,0,0,0,0,0,0,0,0,0,0,0,0,0,0,0
#[d_gene,1],[d_5_del,18]
%0,0,0.446344,0.553656,0,0,4.32609e-27,0,0,0,0,0,0,0,0,0,0,0,0,0,0
#[d_gene,1],[d_5_del,19]
%0,0,0,0,0,1,0,0,0,0,0,0,0,0,0,0,0,0,0,0,0
#[d_gene,1],[d_5_del,20]
%0,0,0,0,1,0,0,0,0,0,0,0,0,0,0,0,0,0,0,0,0
#[d_gene,2],[d_5_del,0]
%0,0,0,0,0,0,0.985727,0,0,0,0,0,0,0,0.0142733,0,0,0,0,0,0
#[d_gene,2],[d_5_del,1]
%0,0,0,0,0,0,0,0,0,0,0,0,0,0,0,0,0,0,0,0,1
#[d_gene,2],[d_5_del,2]
%0,0,0,0,0,0,0.423835,0.0484893,0,0,0,0,0,0,0.00151283,0.36412,0,0.162043,0,0,5.21463e-18
#[d_gene,2],[d_5_del,3]
%0,0,0,0,0,0,0,0,0,0,0,0,0,0,0,1,0,1.82128e-35,0,0,0
#[d_gene,2],[d_5_del,4]
%0,0,0,0,0,0,0,0,0,0,0,0,0,0,0.0111681,0.988832,0,1.17585e-07,0,0,8.55569e-46
#[d_gene,2],[d_5_del,5]
%0,0,0,0,0,0,0,0,0,0,0,0,0,0,0.00239268,0.997354,0.000242025,1.12169e-05,0,0,0
#[d_gene,2],[d_5_del,6]
%0,0.0304968,0,0,0,0,0,0.000115391,0,0,0,0,0,0,0.0030795,0.412816,0.553492,0,0,0,0
#[d_gene,2],[d_5_del,7]
%0,0,0,0.179042,0,0,0.700259,0,0,0,0,0,0,0,0.000342963,0.120356,4.0897e-24,0,0,0,0
#[d_gene,2],[d_5_del,8]
%0,0,0,0,0,0,0,0,0,0,0,0,0,2.13287e-05,0.999979,1.99078e-43,0,0,0,0,0
#[d_gene,2],[d_5_del,9]
%0,0,0,0,0,0,0,0,0,2.47792e-08,0,0,0.0771902,0.755308,0.167502,0,0,0,0,0,0
#[d_gene,2],[d_5_del,10]
%0,0,0,0,0,0,0,0.73584,0,0,0.000364431,0.0017353,0.26206,2.21731e-27,0,0,0,0,0,0,0
#[d_gene,2],[d_5_del,11]
%0,0,0,0,0,0.0019914,0.761401,0.0371198,0.00854013,0.122283,1.90771e-15,0.068665,0,0,0,0,0,0,0,0,0
#[d_gene,2],[d_5_del,12]
%0.00644075,0,0,0,0,0.00953971,0.00762523,0.0378014,0.102226,0.395335,0.441032,3.54562e-20,0,0,0,0,0,0,0,0,0
#[d_gene,2],[d_5_del,13]
%0,0,0,0,0.160807,0.0715054,0.0632698,0.209325,0.401608,0.0934846,5.22834e-49,0,0,0,0,0,0,0,0,0,0
#[d_gene,2],[d_5_del,14]
%0,0,0,0,0.326274,0.0786289,0.402676,0.14697,0.0454506,0,0,0,0,0,0,0,0,0,0,0,0
#[d_gene,2],[d_5_del,15]
%0.00301222,0,0,2.64979e-05,0.248193,0.110394,0.255391,0.382983,0,0,0,0,0,0,0,0,0,0,0,0,0
#[d_gene,2],[d_5_del,16]
%0,0.00667398,0.000117285,0,0.282484,0.285272,0.425453,2.69983e-11,0,0,0,0,0,0,0,0,0,0,0,0,0
#[d_gene,2],[d_5_del,17]
%0,0.35407,0.530008,0.0939726,0.0213918,0.000557307,0,0,0,0,0,0,0,0,0,0,0,0,0,0,0
#[d_gene,2],[d_5_del,18]
%0,0,0.44714,0.552627,0.000232893,0,3.44172e-16,0,0,0,0,0,0,0,0,0,0,0,0,0,0
#[d_gene,2],[d_5_del,19]
%0,0,0,0,0,1,0,0,0,0,0,0,0,0,0,0,0,0,0,0,0
#[d_gene,2],[d_5_del,20]
%0,0,0,0,1,0,0,0,0,0,0,0,0,0,0,0,0,0,0,0,0
@j_5_del
$Dim[15,23]
#[j_choice,0]
%0.00104905,0.002263,0.0116637,0.0415809,0.0573822,0.185207,0.0684575,0.124642,0.122879,0.101585,0.0805912,0.0612237,0.0351563,0.0177865,0.0354833,0.042289,0.0042827,0.000135919,0.00318121,0.00113693,0.00202401,0,0
#[j_choice,1]
%0.000502973,0.000160876,0.0137294,4.18517e-05,0.0495016,0.0523225,0.0686372,0.089107,0.224093,0.0959168,0.111348,0.0874928,0.157979,0.0124064,0.00779714,0.00547071,0.00698296,0.0067698,0,0.00383145,0.00590844,0,0
#[j_choice,2]
%0.00358484,0,0.039236,0,0.281023,0.0689997,0.141176,0.0702677,0.153774,0.0899527,0.0376219,0.0290059,0.0452066,0.0154415,0.00158351,0.00670818,0.00274957,0.00344761,0.000597938,0.00259543,0.00702832,0,0
#[j_choice,3]
%0,0.00194343,0.0297172,0.0384367,0.0641172,0.0225696,0.0390219,0.0579139,0.103246,0.121595,0.0742712,0.135147,0.218677,0.00107265,0.0405662,0.0122116,0.00932278,0.00823833,0.0219334,0,0,0,0
#[j_choice,4]
%0,0.000790794,0.0531693,0.0620526,0.0429701,0.073098,0.106053,0.106196,0.108236,0.134719,0.0979574,0.118558,0.0257808,0.0374662,0.00654729,0.0169724,0.000759309,0.00173441,0,0.00694009,0,0,0
#[j_choice,5]
%0,0,0,0,0,0,0,0,0,0,0,0,0,0,0,0,0,0,0,0,0,0,0
#[j_choice,6]
%0,0.000127434,0.0881501,0.00438299,0.0464942,0.0419329,0.0375071,0.0422205,0.0441796,0.0595483,0.0515889,0.164703,0.101318,0.0986756,0.132303,0.0224558,0.0127161,0.00537005,0.0330724,0.00483492,0.00841806,0,0
#[j_choice,7]
%0,0.00272498,0.0553987,0.00742428,0.0500947,0.0336195,0.0571113,0.0626124,0.123279,0.116376,0.0980492,0.0920606,0.126659,0.0790126,0.0434861,0.0050801,0.0244089,0,0,0,0,0.0226021,0
#[j_choice,8]
%0,0.00145781,0.00752237,0.00405698,0.0737742,0.0821853,0.0924036,0.136697,0.150643,0.125499,0.147104,0.11532,0.0300901,0.00860159,0.016621,1.39185e-05,0.00257335,0.00494386,0.000494197,0,0,0,0
#[j_choice,9]
%0,0,0.0452795,0.0232604,0.0355452,0.115535,0.231831,0.089914,0.160895,0.099817,0.102666,0.0337131,0.0186666,0.0129917,0.00751015,0.00836609,0.000876361,0.00250106,0.00842741,0.0022041,0,0,0
#[j_choice,10]
%0,0,0.0879343,0.0810598,0.0860172,0.140745,0.083626,0.118735,0.0314182,0.0658746,0.0759638,0.0628421,0.0674303,0.0529175,0.00471217,0,0,0.0100417,0.00809139,0.0130325,0.00955829,0,0
#[j_choice,11]
%0,0,0.0179399,0.00458528,0.00599261,0.0749499,0.167807,0.136083,0.155762,0.297842,0.0391302,0.0457976,0.00382031,0.0162308,0.0050604,0.0100454,0.004041,0.00636635,0.00220355,0.00240683,0.00393538,0,0
#[j_choice,12]
%0,0,0.0412085,0,0.377891,0.103576,0.222511,0.0684695,0.11067,0.0267222,0.0178287,0,0.00673902,0.00769289,0.00201077,0.00176982,0.00503129,0.00431883,0,0.000227795,0.00333312,0,0
#[j_choice,13]
%0,0.000914677,0.0351949,0,0.0779058,0.0391083,0.1543,0.242408,0.130641,0.118543,0.0968937,0.0612349,0.00732456,0.0147971,0,0.0057678,0.00640533,0,0.00525426,0.00330577,0,0,0
#[j_choice,14]
%0,0,0,0,0,0,0,0,0,0,0,0,0,0,0,0,0.0599711,0.940029,0,0,0,0,0
@vd_ins
$Dim[31]
#
%0.049348,0.0422632,0.102061,0.121917,0.140329,0.0966883,0.090034,0.0788949,0.0664554,0.052991,0.0405784,0.0313972,0.0242355,0.0167197,0.0117384,0.0105097,0.00632114,0.00382398,0.00480596,0.00200817,0.00176897,0.000877435,0.000702611,0.00117777,0.000626688,0.000423878,0.000186317,0.000454917,0,0,0.000661927
@vd_dinucl
$Dim[16]
#
%0.309473,0.24397,0.264872,0.181686,0.171005,0.44457,0.195512,0.188913,0.237157,0.184131,0.373655,0.205056,0.232119,0.310102,0.196987,0.260792
@dj_ins
$Dim[31]
#
%0.0617437,0.0361889,0.0909608,0.105828,0.137586,0.114643,0.0960481,0.0814864,0.0638634,0.0492164,0.0393751,0.0290524,0.0230059,0.0164381,0.0145157,0.0113759,0.00579127,0.00597164,0.00392779,0.00296191,0.00204381,0.00248417,0.000909996,0.00135102,0.000244798,0.000452171,0.000917052,0.000628282,0,1.41295e-05,0.000974155
@dj_dinucl
$Dim[16]
#
%0.269993,0.159877,0.362169,0.207962,0.216825,0.327146,0.227996,0.228034,0.227617,0.157523,0.47071,0.144149,0.208829,0.229988,0.284243,0.27694
